1907 
8581 
258 
129 
6203 
9372 
8465 
5510 
1878 
407 
9032 
2326 
3783 
2510 
5813 
1414 
2553 
8501 
8329 
7571 
3840 
339 
473 
2264 
887 
5553 
7073 
1912 
1465 
6144 
3863 
3195 
7995 
567 
3229 
8003 
9158 
1736 
9760 
8201 
8466 
462 
1966 
6073 
8030 
8358 
8036 
3399 
9101 
6230 
9717 
828 
5898 
8574 
3207 
8417 
4428 
4026 
6312 
6951 
1220 
5537 
3166 
9200 
2707 
9085 
5595 
9197 
377 
6455 
5743 
7045 
8872 
2126 
1160 
7023 
8663 
3700 
196 
1341 
7074 
3797 
3687 
5317 
1583 
8869 
7992 
9932 
1963 
421 
6677 
9649 
867 
5650 
1495 
2644 
8863 
5578 
9297 
3329 
7288 
6363 
9954 
3805 
2554 
7754 
6154 
1660 
1365 
5965 
4137 
6284 
6974 
6486 
8530 
5009 
3346 
364 
8046 
7486 
3322 
7399 
2541 
9549 
1913 
888 
6456 
5147 
147 
4435 
258 
4835 
9528 
8570 
8973 
4325 
4382 
5911 
7416 
787 
2509 
7733 
5238 
1304 
7251 
700 
1658 
7141 
7128 
2183 
3486 
1465 
2732 
3076 
5971 
7965 
8780 
4199 
1475 
9305 
9923 
9019 
850 
4678 
7965 
3334 
6707 
3153 
2503 
1160 
4455 
4521 
7138 
5232 
4128 
3461 
5607 
2715 
403 
3925 
1028 
3162 
1084 
2835 
1428 
4878 
4428 
8069 
5981 
1283 
1405 
4515 
4115 
3254 
9766 
191 
5514 
853 
8601 
2262 
5736 
337 
8554 
2721 
1497 
3778 
5403 
5112 
668 
6600 
194 
4148 
7371 
8377 
956 
9567 
9880 
3627 
3178 
123 
3346 
9952 
5226 
6587 
8087 
2345 
5841 
3826 
8867 
5881 
851 
838 
5959 
1591 
5861 
4193 
8277 
2799 
1530 
5588 
5064 
9606 
170 
106 
1312 
1719 
3889 
9905 
1195 
2111 
7091 
8401 
7567 
930 
2141 
8647 
8531 
5399 
3751 
882 
8366 
4599 
7781 
8231 
8119 
5309 
4157 
6858 
1819 
6043 
3763 
349 
7933 
1193 
2783 
5714 
8376 
9994 
8560 
4030 
5088 
3885 
3498 
8124 
6503 
3676 
9115 
6890 
8539 
9077 
3660 
3444 
6892 
5795 
5043 
7148 
780 
7000 
9029 
6707 
8735 
4889 
120 
6983 
6129 
5750 
710 
7688 
4759 
100 
1021 
2424 
7629 
5625 
9716 
6527 
6175 
1892 
2872 
2088 
1203 
5846 
1925 
9644 
2451 
641 
2864 
825 
6057 
8411 
209 
8526 
2132 
6031 
9438 
438 
4855 
960 
3154 
6526 
5744 
1515 
7724 
6421 
597 
3352 
6356 
1359 
4026 
9580 
2392 
6901 
8288 
5967 
6565 
5485 
9767 
9493 
8769 
1394 
1028 
9659 
9893 
9184 
4910 
2255 
6952 
4158 
4290 
4332 
7703 
5960 
4999 
9153 
4593 
4375 
268 
5981 
8942 
816 
7709 
314 
3983 
7990 
7428 
1379 
7440 
6588 
2731 
930 
218 
6811 
9472 
9594 
6758 
8924 
3954 
4766 
5132 
8691 
7416 
781 
7113 
5481 
1169 
459 
4911 
4740 
8518 
2493 
8838 
9829 
2843 
2592 
6032 
7581 
8868 
3318 
8490 
3309 
5060 
6878 
9679 
6153 
4961 
831 
9255 
4392 
2452 
9681 
4284 
8906 
172 
4856 
573 
6310 
4402 
4893 
9739 
1935 
6999 
7499 
3425 
2515 
9001 
9219 
2688 
3488 
7204 
4541 
8328 
1315 
1798 
2795 
3011 
9006 
3467 
3947 
111 
9669 
6759 
5930 
3693 
2326 
7538 
9295 
2726 
1843 
989 
4811 
2553 
876 
4578 
5019 
6529 
2733 
5610 
1959 
739 
4930 
4425 
6219 
4653 
8243 
1731 
2879 
4060 
528 
5554 
8116 
5865 
3514 
1391 
4638 
1715 
539 
5342 
6601 
7176 
6163 
4422 
7801 
2764 
9968 
3261 
530 
9053 
6217 
8787 
6560 
2845 
7751 
7013 
8500 
6206 
2161 
9714 
1404 
6204 
4114 
4314 
910 
7235 
6489 
321 
849 
5586 
5501 
1763 
5047 
2215 
2315 
914 
3243 
9002 
6141 
8315 
8515 
7014 
5401 
8087 
1170 
9378 
9907 
2589 
5741 
3005 
8000 
5429 
9895 
3640 
3512 
5719 
6412 
8541 
7943 
7473 
6727 
1821 
4320 
7271 
4880 
1160 
526 
9445 
8437 
8437 
3081 
8640 
1123 
7090 
8529 
3243 
7953 
7429 
9179 
6966 
7289 
5072 
8373 
3824 
6789 
6099 
9718 
3773 
4274 
8908 
8295 
8802 
2515 
9161 
6105 
7901 
3669 
4782 
4433 
1810 
8954 
5874 
3255 
3233 
2197 
3348 
2407 
7299 
1617 
5851 
5617 
738 
7405 
2138 
8835 
8344 
5752 
9651 
961 
9840 
4373 
5666 
4814 
1817 
859 
3994 
3770 
617 
5372 
7534 
5368 
1662 
8560 
2661 
1243 
4240 
7005 
6752 
3068 
6898 
6677 
984 
9867 
1703 
732 
9136 
7535 
4065 
1781 
810 
3003 
4196 
4168 
1797 
2704 
8569 
9698 
6308 
617 
1887 
3144 
1274 
3703 
1788 
8889 
7937 
1001 
7874 
9232 
5867 
6327 
4380 
691 
7599 
1755 
8695 
2443 
2677 
9309 
1742 
4320 
8749 
650 
4333 
4495 
3593 
6976 
2311 
6763 
3786 
4569 
355 
2206 
2792 
1089 
4033 
5866 
5244 
3477 
3803 
7185 
8695 
4602 
2694 
4461 
3110 
7335 
6664 
7453 
605 
4977 
3651 
8972 
7039 
5921 
7375 
6175 
2000 
9635 
1398 
8187 
2658 
4478 
9897 
1873 
2475 
1515 
5569 
8584 
9576 
1684 
7807 
2805 
4651 
1738 
5508 
9032 
5359 
9971 
460 
7142 
9708 
4270 
9397 
7999 
6198 
5668 
5599 
460 
5264 
3053 
2267 
6695 
4926 
3148 
8533 
1414 
4072 
8664 
9694 
2341 
1690 
9896 
3858 
4351 
1304 
5867 
6617 
4249 
8143 
2577 
9865 
1499 
279 
7609 
6216 
476 
7780 
3975 
6063 
8664 
2540 
5953 
474 
7681 
6003 
7015 
5147 
6704 
4657 
2222 
8399 
4966 
150 
3015 
4873 
8371 
3156 
5792 
189 
8690 
1130 
7430 
1442 
5935 
4241 
2325 
6543 
3814 
2670 
2239 
9700 
5386 
8680 
2884 
1878 
8526 
9540 
7956 
1936 
3539 
8397 
350 
6742 
5407 
3199 
8164 
4774 
4406 
3298 
3534 
1338 
8344 
5875 
4551 
2698 
6359 
9054 
567 
4671 
5890 
7400 
382 
9106 
6563 
2825 
9946 
1763 
7554 
4679 
6342 
4662 
3636 
6045 
8415 
9943 
5732 
394 
1043 
990 
8843 
8038 
4984 
2702 
8543 
2464 
5767 
8359 
5270 
4626 
2467 
8779 
6773 
1958 
9402 
254 
8297 
7218 
2118 
8694 
6225 
6590 
1632 
9714 
2566 
105 
355 
9463 
7160 
283 
4520 
965 
8935 
5364 
8611 
9017 
5579 
2243 
7353 
4476 
6112 
7506 
3821 
1112 
3761 
8331 
5862 
8442 
3215 
7127 
1437 
899 
8271 
5102 
5160 
6008 
6862 
1485 
8879 
970 
5857 
5142 
216 
8288 
8669 
8129 
2963 
400 
9695 
7665 
1060 
1948 
5818 
6321 
5256 
7305 
1435 
3244 
6901 
875 
5962 
2748 
6771 
9965 
5711 
5675 
449 
7469 
5759 
7781 
5606 
7651 
6402 
943 
7605 
5537 
2913 
3776 
5180 
7718 
465 
5389 
8297 
8701 
6679 
5571 
2392 
5619 
5959 
7981 
2734 
7942 
5037 
5862 
8091 
123 
7223 
4680 
1136 
1299 
3053 
7091 
7453 
8118 
2318 
3305 
4485 
2974 
5304 
4326 
2769 
9056 
2724 
3789 
7309 
1394 
4524 
3245 
2083 
5193 
745 
4290 
9394 
4893 
5773 
8600 
8698 
8585 
7978 
6347 
5607 
3055 
1709 
1690 
952 
9656 
635 
9753 
6715 
9609 
7110 
2901 
855 
7793 
1243 
3715 
1493 
255 
7036 
3138 
3035 
5280 
4613 
1839 
9238 
9398 
605 
5894 
151 
1092 
5483 
6582 
5468 
3990 
2226 
3086 
8346 
2413 
1611 
2419 
7435 
6344 
1597 
387 
9169 
2622 
9484 
119 
3651 
6152 
395 
7478 
6421 
2556 
2127 
4583 
5215 
1379 
9409 
6389 
8332 
6316 
1359 
3870 
850 
7898 
2001 
7443 
3512 
3528 
2627 
5163 
7449 
6077 
5859 
2404 
9924 
7419 
7209 
5524 
5869 
1729 
7694 
2365 
8036 
2112 
3722 
7615 
1936 
6842 
6318 
2696 
1719 
8998 
1003 
1766 
5900 
8352 
3853 
9325 
2230 
2206 
8055 
3156 
8729 
5886 
9900 
9114 
2724 
3051 
7591 
1958 
5190 
3966 
7560 
2572 
2205 
8288 
7196 
3995 
9709 
4925 
2951 
7155 
6569 
8853 
6481 
6580 
8289 
1917 
138 
8417 
7000 
5538 
7883 
4868 
1792 
5229 
7643 
7115 
4820 
4450 
5882 
8896 
4226 
6083 
2798 
7398 
6420 
5665 
2503 
3823 
7130 
6242 
9073 
9770 
9973 
3998 
838 
6522 
5362 
6211 
9549 
914 
2433 
809 
435 
2989 
1600 
9056 
2628 
7802 
1241 
1381 
9462 
2356 
6502 
9108 
3699 
5887 
428 
1655 
1569 
1406 
4875 
6204 
8719 
9890 
7440 
868 
9406 
765 
2436 
312 
5977 
8485 
2485 
2198 
9379 
9524 
1935 
8570 
3740 
8763 
8375 
9192 
3919 
7751 
4964 
2917 
5019 
5804 
5114 
7365 
6940 
8446 
7924 
2462 
9157 
2638 
6957 
3964 
6989 
8081 
4092 
1886 
7363 
1901 
3802 
6670 
8479 
3468 
6528 
8910 
3734 
8003 
4721 
9486 
7801 
1692 
7938 
8570 
2219 
7376 
2178 
5727 
861 
593 
9114 
6270 
4504 
5570 
2770 
2905 
5702 
8090 
1372 
2075 
9182 
6701 
9010 
6965 
3210 
3595 
2183 
5314 
4279 
2133 
6988 
5371 
696 
8009 
6482 
3895 
9478 
927 
6439 
346 
5896 
9339 
7471 
1727 
3931 
6435 
4592 
6736 
8687 
331 
7274 
754 
1694 
9068 
3425 
6477 
5786 
9235 
6905 
4297 
5553 
4565 
8636 
2037 
927 
2624 
954 
3888 
6161 
192 
2462 
3626 
9617 
4322 
1401 
5301 
4531 
9268 
9374 
3653 
4475 
6761 
5433 
5894 
888 
174 
3469 
7725 
561 
8057 
7304 
4391 
8715 
3208 
7541 
1085 
3748 
2774 
8973 
841 
5871 
4335 
4747 
5618 
8140 
1080 
1371 
4051 
3363 
7129 
2830 
6091 
9117 
2200 
877 
6957 
4944 
160 
1319 
7159 
8261 
9009 
9130 
1775 
1159 
9104 
7050 
8313 
3737 
4143 
9888 
1046 
1252 
808 
6833 
7431 
176 
4770 
969 
2367 
2272 
3174 
8245 
1366 
1547 
5372 
2907 
5082 
3576 
3726 
6694 
8975 
7064 
6846 
3553 
6407 
2761 
1747 
5087 
7949 
6884 
7615 
645 
2987 
4213 
9052 
9381 
3724 
2040 
9076 
6520 
5644 
2828 
5536 
8695 
6731 
6823 
1544 
165 
1904 
1014 
9498 
2972 
7162 
6975 
6421 
5507 
7634 
8565 
3573 
4073 
460 
2151 
553 
1810 
5885 
6230 
9631 
9867 
2470 
6448 
4034 
5194 
9646 
5934 
3370 
5463 
7150 
8022 
7650 
5009 
8821 
1854 
169 
6926 
3836 
9294 
4907 
1555 
4772 
7984 
8424 
3356 
1163 
3799 
274 
6745 
2302 
2441 
5590 
9494 
3672 
1707 
8112 
6149 
7753 
4119 
6712 
7305 
3970 
6956 
764 
1010 
4748 
5139 
2616 
4560 
3928 
3833 
8241 
8869 
817 
7614 
1906 
9756 
8062 
7656 
2990 
6480 
2179 
8532 
564 
8075 
887 
1979 
9073 
3804 
9425 
1341 
4671 
7667 
6315 
7997 
2714 
5292 
4457 
7673 
5267 
3253 
7107 
420 
110 
9150 
3949 
4209 
1110 
1564 
4952 
6254 
9537 
8554 
2561 
7627 
1598 
7885 
887 
8518 
5578 
6851 
8186 
9124 
1202 
9095 
543 
3565 
7106 
3875 
5408 
1909 
8172 
962 
8752 
3555 
4325 
4592 
6636 
4112 
4473 
8769 
8221 
7229 
1038 
8027 
6170 
1041 
4838 
5618 
7755 
462 
8511 
7646 
136 
1951 
136 
7498 
2543 
3536 
710 
2795 
9621 
8474 
4822 
1723 
3699 
7705 
5017 
8801 
6994 
6348 
1950 
4031 
2690 
7625 
5947 
9640 
4739 
810 
6066 
8588 
5255 
1784 
4675 
132 
5503 
6306 
7196 
767 
2577 
906 
1868 
1416 
5931 
5164 
1701 
5507 
1618 
5756 
4015 
7044 
2467 
3131 
6137 
8121 
1962 
646 
3370 
3075 
7409 
4187 
7749 
1871 
3632 
3240 
4940 
9312 
6131 
8962 
1836 
2779 
9305 
5967 
8534 
2335 
2696 
576 
4557 
5199 
8926 
9039 
7787 
5917 
9283 
1329 
3710 
4228 
1466 
2903 
3312 
3970 
5078 
6391 
4452 
1584 
1849 
3042 
2044 
6176 
5192 
6210 
3608 
3522 
5530 
9314 
9816 
2531 
4527 
3258 
6643 
3458 
5054 
517 
4272 
8832 
4230 
1328 
4289 
4020 
7894 
8578 
4832 
5192 
2280 
4387 
2066 
723 
1688 
1722 
7192 
5492 
1890 
4102 
3076 
2839 
1257 
2681 
6344 
8536 
4068 
4556 
8042 
353 
6052 
7667 
9411 
1729 
8688 
8639 
7735 
6220 
4849 
1369 
2192 
345 
7833 
3378 
9171 
2220 
9854 
6660 
4676 
1759 
8389 
8819 
5812 
303 
218 
9286 
4808 
9074 
9563 
3469 
1686 
9936 
9028 
7694 
7897 
4613 
2966 
4767 
6979 
6001 
1376 
8898 
7970 
2953 
7615 
3512 
5739 
2670 
4785 
1619 
7987 
9415 
8086 
7917 
3197 
2222 
3839 
8494 
8765 
4421 
3817 
8702 
5739 
6643 
4755 
7848 
4692 
8846 
314 
838 
1178 
5126 
7510 
1119 
6875 
5980 
4221 
9306 
2079 
2334 
4165 
3245 
9370 
8048 
695 
8182 
1490 
9496 
1391 
934 
907 
5253 
4480 
3685 
910 
1581 
6628 
7142 
3480 
2034 
2193 
7656 
7230 
7376 
106 
9429 
9231 
3510 
6982 
2795 
6194 
2287 
9837 
5396 
3565 
9628 
9501 
7077 
2071 
2480 
1084 
8736 
4166 
3495 
4789 
7029 
3314 
531 
5916 
1404 
347 
2308 
1199 
8632 
8661 
7555 
5225 
6264 
2449 
8172 
9696 
5071 
9496 
8662 
3438 
3022 
6880 
7137 
1900 
5243 
5489 
1290 
6538 
7185 
1713 
5357 
6444 
6755 
251 
6296 
8895 
7022 
863 
2904 
3609 
9162 
7587 
243 
8269 
6076 
1366 
9777 
7886 
2235 
5397 
3095 
6715 
4813 
6807 
6017 
2921 
8142 
5731 
6764 
5150 
2429 
4849 
7453 
9417 
2802 
846 
7233 
144 
5199 
9577 
2498 
4993 
5091 
5802 
2131 
8617 
4229 
8195 
3353 
1075 
8915 
7326 
6741 
3513 
1878 
7781 
1618 
5686 
8753 
8305 
2264 
9932 
2359 
4250 
1322 
1200 
5879 
1230 
9442 
563 
6789 
7501 
2311 
7212 
3158 
2608 
5992 
5649 
919 
7817 
3928 
821 
9034 
9494 
9558 
2667 
6014 
2208 
407 
1336 
9401 
2192 
4386 
3255 
8149 
7344 
5624 
8262 
8373 
4719 
414 
6141 
8579 
6590 
5193 
9423 
3367 
2696 
2693 
2281 
7477 
4591 
4226 
2935 
9428 
737 
3019 
9990 
2103 
6554 
9748 
7524 
1817 
4658 
9919 
8659 
5306 
935 
395 
5309 
1600 
9237 
9995 
3074 
4620 
5746 
9726 
5996 
2267 
7943 
2143 
4995 
1349 
2472 
1003 
7357 
1653 
7588 
2827 
3869 
3893 
7303 
4413 
9196 
102 
7245 
6291 
6325 
8089 
3474 
1672 
5818 
2285 
9605 
9274 
4709 
9957 
2987 
3593 
3737 
136 
1151 
7818 
7510 
1689 
4071 
3352 
3851 
9474 
1106 
4104 
4421 
2958 
221 
5991 
8902 
7331 
6501 
6386 
2145 
8040 
9878 
9122 
2946 
3615 
6386 
3026 
1194 
339 
9150 
2782 
9784 
8490 
4646 
189 
9764 
2695 
9393 
588 
167 
895 
5903 
6455 
6257 
901 
7582 
1860 
7492 
4116 
1164 
8735 
2218 
6681 
4231 
2156 
170 
9179 
1232 
6549 
7175 
2440 
3167 
7489 
2463 
9229 
815 
4082 
6081 
3905 
1610 
5754 
8142 
207 
7391 
5291 
9526 
4062 
607 
4362 
4348 
1758 
2472 
1135 
104 
6113 
7737 
8236 
3487 
4180 
4324 
9575 
4205 
8313 
6161 
3718 
1744 
3666 
178 
6454 
5010 
8236 
4405 
8584 
5276 
8486 
4743 
4777 
2552 
6748 
7028 
9404 
2592 
151 
1724 
9638 
8085 
948 
911 
5061 
6476 
6830 
9249 
6478 
1091 
3994 
6185 
2530 
1969 
2254 
9177 
7404 
9275 
7932 
2712 
9737 
3122 
1272 
442 
1637 
2746 
613 
2097 
9038 
182 
6987 
3677 
8263 
687 
9079 
9135 
363 
132 
670 
6203 
5420 
5290 
6799 
955 
5927 
9460 
4629 
7697 
3606 
3759 
949 
5829 
3426 
8324 
9162 
1772 
7746 
2080 
9979 
265 
1588 
1393 
390 
6381 
439 
4470 
9195 
9867 
3827 
153 
5176 
153 
137 
5081 
4076 
9339 
2155 
639 
8153 
9515 
9897 
770 
4315 
1361 
2261 
9014 
9360 
7138 
3717 
9632 
1299 
3826 
6691 
6068 
2281 
4018 
6570 
8319 
6327 
7687 
1199 
1201 
1886 
9431 
7359 
3602 
773 
2605 
9521 
9621 
1841 
7884 
2840 
7113 
7106 
5999 
2376 
8140 
4605 
1615 
2082 
6107 
1394 
8574 
589 
4677 
3417 
5360 
5219 
2205 
9534 
2761 
405 
4526 
6118 
4193 
8380 
4601 
7389 
4548 
7741 
8073 
558 
8135 
7624 
1144 
1214 
8885 
1582 
7082 
3061 
6391 
8764 
138 
3466 
2913 
4456 
7479 
9721 
5097 
423 
6005 
5732 
6307 
9032 
5046 
3252 
4056 
1105 
9123 
4042 
6790 
5108 
8209 
9078 
7808 
3069 
6098 
9027 
5589 
8747 
9877 
2877 
6494 
6040 
8536 
960 
8449 
7687 
4093 
4190 
2819 
7081 
5627 
2156 
8554 
3820 
3451 
1547 
7361 
7185 
9427 
7742 
4708 
8712 
1680 
3708 
9675 
8330 
4348 
6196 
5492 
3507 
4079 
4056 
7945 
109 
2529 
6488 
368 
6798 
3533 
6219 
3777 
4366 
9906 
364 
994 
9637 
467 
1295 
991 
9265 
5614 
255 
3141 
5775 
4314 
7541 
4077 
7588 
761 
1319 
6134 
3546 
5757 
2298 
1307 
6981 
3879 
7653 
3908 
241 
141 
3701 
3656 
4506 
350 
1574 
5583 
2343 
4385 
7797 
1382 
7332 
2184 
1871 
956 
1803 
1347 
5732 
6041 
1023 
5918 
7054 
5551 
4916 
2195 
2856 
5608 
590 
1437 
4301 
3310 
3412 
3992 
9839 
2554 
401 
7060 
9904 
8373 
1143 
3449 
8912 
3034 
4832 
4596 
4947 
4316 
7154 
255 
1006 
6179 
9182 
6670 
1806 
1586 
8166 
9541 
2709 
9604 
664 
8968 
1843 
4165 
1340 
3179 
2605 
9197 
4150 
2904 
2476 
9959 
6584 
4222 
7252 
2576 
8375 
4006 
7823 
7194 
2999 
8673 
3654 
9072 
9174 
2094 
4603 
4596 
1027 
872 
7350 
580 
9177 
8507 
7770 
9996 
6155 
8103 
9043 
2596 
9822 
1293 
1887 
5898 
8989 
5750 
8838 
6811 
1805 
6467 
1207 
5034 
2174 
9919 
4464 
963 
6011 
7601 
8777 
1721 
3390 
142 
6702 
6027 
9699 
5451 
8712 
4118 
4951 
8720 
8567 
3940 
1724 
8439 
3789 
3938 
3484 
2404 
6393 
6319 
1032 
3951 
9663 
128 
3084 
2652 
3089 
4000 
8480 
8092 
9788 
4549 
5197 
8444 
5778 
158 
1242 
6379 
5391 
4808 
8771 
4234 
7322 
8640 
5973 
2860 
1290 
9330 
9912 
9820 
9922 
9264 
4153 
5373 
5307 
7567 
6595 
7196 
1100 
6140 
3002 
2915 
7256 
107 
1076 
3319 
2581 
7759 
2899 
7792 
708 
4790 
1987 
2473 
4514 
5900 
6621 
2189 
109 
7088 
1238 
8578 
2052 
883 
599 
2018 
4974 
3724 
6937 
9779 
2374 
3945 
4589 
1752 
5601 
7137 
7077 
6721 
9803 
2884 
9218 
1102 
315 
6867 
4699 
4193 
4130 
7500 
4263 
7120 
3601 
6654 
3192 
5562 
1476 
5883 
8260 
385 
9598 
9899 
8289 
3301 
1810 
8349 
9564 
1250 
2667 
4745 
2277 
3472 
2009 
5952 
3675 
6776 
4552 
7397 
5392 
6022 
7807 
5989 
7320 
4537 
3442 
2833 
5108 
4824 
2101 
173 
6805 
1199 
2333 
5664 
9967 
6967 
2196 
4252 
8092 
9987 
9657 
9992 
3417 
6342 
6610 
2728 
7345 
4738 
6399 
4142 
4036 
9276 
1340 
3850 
3092 
475 
8931 
4541 
1052 
4368 
5835 
9963 
6414 
303 
913 
8447 
7303 
9739 
1297 
7544 
8336 
3247 
2577 
7857 
8052 
1753 
9386 
8191 
1209 
5681 
1860 
5619 
5325 
5527 
1262 
4783 
4191 
4171 
7350 
8741 
5926 
1494 
8123 
5739 
4450 
1382 
4156 
3627 
5581 
8070 
9788 
5159 
557 
7900 
2405 
5546 
6154 
9403 
150 
521 
4598 
1465 
4347 
3880 
5998 
7227 
5191 
7849 
2988 
1805 
2449 
9631 
8085 
414 
3720 
9952 
9318 
3959 
6227 
8985 
7910 
9340 
3066 
2412 
6487 
1659 
299 
8357 
4815 
2386 
8490 
3498 
2558 
9133 
2568 
2432 
6075 
6844 
2254 
9130 
4959 
3219 
9078 
301 
3277 
316 
6982 
4991 
7789 
3351 
7883 
4381 
3444 
4033 
4846 
6204 
5810 
8818 
709 
5303 
1399 
9472 
7768 
8199 
7714 
6594 
526 
7601 
5816 
4703 
5381 
8152 
4766 
228 
2890 
6820 
8883 
2868 
8618 
7707 
8572 
3193 
153 
9307 
5901 
2809 
9100 
7401 
7105 
2245 
344 
756 
7911 
715 
5559 
3923 
6473 
283 
3731 
5965 
5769 
1686 
5568 
8039 
3803 
3170 
2321 
5735 
3929 
2058 
4376 
4088 
295 
1682 
7945 
2022 
7828 
8537 
1081 
9769 
2249 
7127 
9640 
6911 
2993 
1446 
3272 
3010 
6885 
7197 
6697 
7000 
7139 
6998 
2483 
5961 
4138 
7425 
351 
8588 
7525 
8066 
7491 
1434 
2898 
1334 
7463 
212 
2461 
5235 
4920 
4559 
9741 
9357 
1961 
2157 
4203 
9588 
3169 
424 
7323 
5131 
2886 
5448 
8761 
6324 
2563 
164 
4993 
5350 
2072 
6197 
3194 
6048 
1055 
8917 
3568 
568 
5942 
2407 
8636 
9964 
9374 
5424 
7027 
9178 
7887 
3906 
3320 
8795 
9030 
7098 
4126 
2010 
652 
7120 
9934 
9506 
6164 
2555 
8994 
8165 
3920 
3479 
6092 
5433 
8864 
9294 
1493 
1644 
2361 
9043 
4230 
4457 
2846 
6031 
8092 
7715 
7358 
7458 
1116 
6526 
5145 
2635 
2627 
5997 
3264 
2547 
3512 
2277 
7608 
2467 
9345 
7857 
4123 
5110 
9775 
1423 
779 
5224 
2567 
5831 
3619 
7806 
5229 
6988 
6557 
3536 
3711 
6059 
1369 
7313 
8683 
785 
3569 
5423 
3630 
8473 
8710 
1366 
8363 
3858 
6181 
7871 
1236 
798 
2108 
7125 
1383 
6887 
9956 
520 
4792 
3981 
4090 
1562 
759 
2107 
5229 
1239 
7774 
3463 
3414 
4642 
4698 
9095 
6847 
8459 
6915 
8609 
8978 
8189 
3161 
1435 
9071 
5875 
7805 
3266 
2777 
186 
1657 
7526 
7549 
8705 
9053 
1633 
6624 
6813 
3735 
7896 
4981 
2377 
3694 
9162 
3176 
3563 
1003 
3302 
5497 
9874 
1013 
3514 
4536 
1915 
375 
5798 
665 
6211 
8592 
1374 
7844 
8903 
7143 
7294 
109 
7319 
1529 
7768 
7659 
6489 
3697 
7449 
4134 
8633 
4066 
7769 
4434 
3566 
3188 
5793 
2723 
9176 
136 
6455 
1115 
8421 
1578 
3973 
279 
228 
2418 
7384 
8531 
100 
8183 
9812 
8085 
3310 
5937 
5253 
9309 
7986 
9993 
7056 
9479 
3435 
5807 
5592 
9001 
5216 
5016 
4252 
2927 
9009 
898 
8765 
5217 
6560 
2949 
6670 
702 
6648 
2871 
6900 
2488 
3019 
8012 
5693 
683 
4042 
4841 
477 
1099 
9070 
6067 
243 
9097 
4564 
6921 
7818 
9329 
8484 
9611 
3243 
6660 
9106 
6181 
7936 
1101 
4013 
9404 
2595 
6929 
8246 
9987 
5141 
6664 
2427 
1418 
9243 
3587 
2224 
4308 
1027 
7609 
1711 
6932 
4180 
8754 
6822 
371 
147 
9855 
3407 
5441 
6210 
9219 
6702 
5286 
9523 
5554 
1875 
3507 
5002 
4085 
6095 
3593 
8576 
1703 
2403 
6277 
7572 
4912 
4563 
3047 
3372 
6699 
5690 
8686 
8169 
389 
1448 
5123 
8712 
8901 
550 
4462 
3365 
6770 
9833 
6632 
7946 
3206 
8133 
5582 
1334 
6221 
9465 
2974 
7512 
7689 
2088 
4642 
109 
390 
5288 
9606 
6955 
133 
6483 
7447 
8149 
3223 
2875 
6986 
8909 
1079 
5803 
6006 
3640 
9637 
155 
6608 
125 
4203 
6358 
8737 
2522 
5373 
4103 
3478 
1346 
482 
8910 
4947 
6163 
4073 
8802 
3924 
3573 
2890 
2910 
5858 
6107 
7787 
2117 
1231 
9813 
8491 
274 
126 
4287 
8511 
6158 
2050 
4967 
5142 
9531 
9681 
8908 
6906 
621 
2276 
178 
3174 
6968 
3646 
8993 
847 
9093 
9654 
1405 
2048 
9886 
9955 
801 
4582 
9384 
7700 
1157 
532 
6401 
4793 
1022 
6212 
1759 
4273 
5060 
603 
7304 
9728 
1215 
520 
8703 
6605 
842 
5305 
796 
9030 
6410 
6473 
3685 
6368 
1624 
9066 
2008 
6319 
5386 
9179 
4267 
2157 
3056 
9798 
9146 
795 
9337 
7641 
3087 
8498 
4598 
8750 
2992 
788 
1110 
5785 
466 
900 
385 
8958 
2284 
7999 
3425 
8509 
4342 
6181 
9658 
9755 
3056 
392 
1641 
161 
3263 
2976 
6666 
5780 
7074 
488 
948 
9873 
3347 
7656 
7056 
7539 
8473 
9776 
3863 
2403 
5865 
6670 
3817 
7339 
9341 
1373 
9977 
3678 
6909 
7434 
9029 
5768 
1738 
2516 
3940 
9396 
2170 
1343 
7465 
6292 
7565 
9652 
6948 
9632 
3614 
5113 
2935 
2414 
693 
3416 
7877 
5930 
5625 
5727 
5670 
9154 
6083 
5924 
9464 
7185 
5069 
4675 
7024 
9302 
6185 
9589 
9806 
2880 
415 
3038 
5806 
7752 
1902 
4148 
7723 
7131 
324 
3655 
5054 
9891 
7849 
3233 
1044 
7281 
677 
4267 
8669 
7368 
4497 
7529 
4689 
1193 
667 
6643 
7645 
263 
6451 
6209 
7387 
4294 
4706 
7507 
2000 
8613 
142 
3322 
4302 
4581 
233 
7046 
7338 
869 
824 
1869 
2904 
7708 
4528 
4901 
4306 
5650 
4124 
5630 
5336 
7946 
1465 
5967 
3569 
3824 
9402 
8859 
4239 
174 
168 
9312 
7712 
3408 
5126 
3628 
3633 
8499 
5490 
3260 
9038 
778 
3480 
1490 
3621 
4847 
1329 
1426 
6888 
7170 
8744 
3417 
2176 
1113 
8173 
4971 
5391 
1381 
675 
3095 
1006 
5875 
2548 
4185 
9189 
5467 
9556 
7229 
4473 
5608 
8194 
7563 
3519 
8500 
779 
1619 
5247 
1536 
2265 
5061 
3140 
6765 
108 
1069 
7135 
6362 
6330 
3322 
811 
6490 
4561 
7434 
1132 
1265 
1562 
6644 
4913 
5675 
5417 
6225 
728 
8889 
350 
7287 
1536 
3080 
7654 
5412 
9674 
6512 
366 
1667 
3513 
8967 
1859 
9310 
8328 
6511 
3685 
1793 
6522 
9619 
2714 
4822 
2637 
1017 
1662 
7475 
1560 
7187 
920 
1868 
947 
8296 
7896 
2805 
7190 
3675 
3949 
9961 
8058 
7077 
5523 
1376 
9867 
340 
6345 
7792 
143 
5918 
7025 
3139 
2864 
2467 
9840 
2577 
2277 
5471 
3125 
6570 
1567 
2537 
3894 
4930 
8911 
4204 
2966 
4777 
6613 
3759 
7268 
5030 
3283 
3634 
1437 
6367 
6752 
1335 
240 
2024 
1816 
9435 
8146 
1110 
3760 
5568 
3752 
5438 
5544 
1944 
434 
1038 
2633 
9408 
5080 
3640 
1182 
6455 
8203 
2071 
2976 
5753 
7438 
9343 
8361 
9708 
5614 
8485 
8105 
4214 
4940 
7832 
8343 
601 
1036 
1979 
8607 
988 
8758 
1553 
7034 
760 
5577 
8659 
8027 
9740 
1983 
6544 
5894 
5325 
380 
4194 
9643 
4493 
1584 
8265 
9760 
1270 
2236 
2982 
4861 
5076 
2561 
726 
1776 
8060 
8324 
441 
9440 
3725 
4221 
7934 
431 
7730 
6879 
6621 
5993 
3856 
6194 
2000 
2009 
6082 
1484 
4399 
587 
8415 
5278 
3367 
3964 
6005 
3354 
1414 
9725 
196 
7091 
3733 
5671 
2969 
7869 
3682 
6408 
9141 
9299 
6265 
5211 
3018 
5319 
8303 
4550 
2514 
8547 
7051 
4413 
4763 
9103 
6353 
8948 
2291 
5372 
7036 
8017 
8235 
7677 
9592 
9344 
9995 
917 
4601 
5456 
163 
2395 
2395 
8522 
4505 
9194 
6167 
3778 
3876 
2997 
9934 
5399 
3844 
7752 
2117 
4068 
7419 
9689 
3373 
5561 
6732 
9725 
4638 
1411 
2031 
4856 
8336 
3512 
7310 
159 
7958 
162 
319 
181 
8215 
4475 
7518 
5703 
1642 
8153 
4581 
8829 
2589 
2271 
4699 
6867 
2370 
9412 
4231 
3007 
7447 
9278 
6544 
9431 
7809 
3031 
8083 
2895 
4004 
3657 
1663 
8300 
8593 
4072 
2096 
2791 
9036 
2511 
2582 
1165 
8632 
9794 
2001 
164 
6642 
6626 
539 
9592 
4791 
928 
5330 
8516 
9187 
905 
5025 
9948 
5431 
5663 
4299 
1878 
614 
5672 
1235 
6489 
2396 
7471 
3642 
7949 
3323 
9289 
6774 
5762 
1156 
738 
1195 
5277 
9919 
6854 
5944 
4413 
3798 
731 
1361 
6588 
7444 
1627 
8757 
7313 
3989 
9216 
8283 
5410 
4714 
9176 
958 
5222 
4781 
5928 
5842 
5368 
8923 
7933 
6257 
8216 
6802 
2461 
2999 
6252 
6424 
7516 
2038 
5844 
5397 
7099 
471 
715 
6207 
6011 
2110 
5145 
9120 
687 
7176 
1205 
8198 
1262 
6548 
7288 
2295 
1384 
4795 
4077 
5198 
5888 
2397 
7140 
7030 
6056 
7050 
4630 
2290 
7643 
761 
9890 
4231 
2115 
9912 
6438 
343 
1242 
5889 
3082 
7483 
8238 
326 
5494 
5484 
4782 
9945 
771 
5358 
4097 
7114 
4079 
4249 
3846 
8445 
2138 
6133 
7429 
9495 
5550 
8897 
2580 
6997 
2011 
6576 
4390 
5961 
9376 
4033 
9183 
1922 
1414 
778 
146 
4727 
4118 
3376 
6523 
4464 
3691 
8534 
7720 
802 
4482 
1007 
8130 
1204 
9198 
3937 
5578 
5330 
200 
7560 
7726 
8494 
8483 
9892 
2074 
2909 
3629 
4401 
8315 
9205 
9042 
1025 
2448 
1537 
4619 
8936 
3705 
4063 
5652 
8531 
9473 
2471 
9258 
4165 
3080 
5160 
3955 
3520 
9529 
4480 
3112 
5981 
1227 
9991 
7437 
7240 
8226 
2265 
4818 
1482 
2965 
1406 
338 
3268 
7930 
8056 
2184 
5302 
3886 
1369 
2913 
5145 
7937 
1086 
6796 
8687 
3501 
1579 
2078 
6437 
6599 
3316 
4931 
8145 
1263 
4198 
8831 
270 
1074 
1968 
7010 
2450 
9711 
7681 
729 
1560 
1814 
8895 
1297 
3902 
3179 
769 
7767 
2509 
2170 
5466 
6827 
3744 
6981 
1971 
6579 
6484 
1081 
7347 
156 
4107 
543 
7917 
5035 
604 
9342 
8390 
1585 
4058 
253 
2146 
3085 
4127 
7958 
5450 
5723 
9078 
3430 
5676 
2970 
7058 
4930 
9952 
6811 
4941 
4387 
2738 
358 
7329 
7890 
160 
9415 
5101 
7134 
433 
8341 
725 
7866 
6720 
2819 
5705 
5940 
5845 
5520 
8991 
6352 
6318 
9593 
1791 
2163 
8143 
6142 
5804 
1803 
4771 
7457 
4666 
9420 
6077 
1210 
1504 
9349 
2592 
8472 
8412 
4401 
9879 
4755 
5965 
9226 
4001 
2573 
4225 
5096 
8189 
1767 
9835 
2886 
3310 
6015 
7648 
9717 
4540 
4630 
3087 
666 
7399 
9456 
2267 
4579 
4904 
2069 
7734 
9768 
5573 
3652 
7707 
1740 
9025 
3751 
3304 
7554 
4206 
754 
7670 
5660 
9952 
9445 
5847 
6766 
1119 
4897 
4811 
4577 
9816 
215 
8575 
4356 
5793 
8540 
3171 
9709 
3767 
9113 
5973 
6669 
5782 
5758 
6767 
2658 
1764 
1494 
2202 
4582 
2442 
9606 
702 
7924 
5856 
8064 
6407 
1146 
3524 
9236 
9061 
4122 
7943 
5349 
1856 
4731 
6260 
5273 
2422 
3309 
4990 
8763 
6323 
9818 
5908 
5947 
3964 
6359 
7380 
1908 
5768 
7050 
2826 
9054 
2603 
4469 
8594 
2218 
2448 
5056 
1362 
619 
3218 
8037 
9053 
151 
8407 
4293 
7797 
7884 
7162 
200 
5136 
9838 
7411 
3378 
5030 
4557 
4853 
2080 
8900 
8501 
4084 
6354 
5616 
9517 
1505 
883 
5274 
2760 
9956 
6659 
3515 
2250 
8293 
5382 
2765 
3992 
2967 
5669 
1063 
7816 
6225 
1826 
8595 
3656 
7705 
5736 
5485 
6490 
9167 
1649 
314 
6749 
3284 
4962 
8963 
6855 
6646 
2993 
2461 
4926 
3801 
3335 
486 
3078 
9011 
671 
6445 
7460 
1587 
1358 
9230 
7505 
2335 
205 
9722 
3883 
4538 
706 
8783 
1301 
1198 
5485 
569 
5343 
8539 
6014 
2484 
163 
1420 
3940 
2829 
3487 
2754 
4863 
6388 
6610 
5519 
4567 
6816 
1997 
7441 
1350 
6175 
3708 
2362 
2768 
9272 
684 
7000 
6387 
7199 
5379 
7413 
2361 
900 
5424 
9277 
6986 
4649 
5693 
9879 
6687 
3118 
4993 
1187 
5313 
5547 
117 
5950 
736 
7577 
6263 
5301 
7343 
9373 
6444 
2868 
6237 
7634 
6383 
7369 
9055 
7234 
5191 
297 
5432 
9073 
4900 
8190 
7354 
6582 
4193 
8621 
8390 
5462 
4198 
2912 
5200 
8207 
7930 
4228 
7454 
8366 
8982 
1665 
1199 
9197 
2805 
5489 
4104 
5997 
106 
3695 
1066 
2155 
3429 
1054 
3663 
9522 
6286 
1651 
3155 
4126 
4624 
3872 
5615 
5544 
1235 
6285 
592 
7315 
3679 
6837 
9846 
9841 
3357 
9786 
1881 
9138 
4491 
2198 
1398 
7019 
7945 
2816 
5543 
7471 
5409 
1367 
7889 
5133 
7748 
4862 
7303 
933 
9662 
8564 
7628 
8600 
6619 
4975 
1669 
5371 
5364 
7668 
3212 
4711 
7618 
7765 
4737 
5393 
7379 
8631 
9387 
8849 
7945 
6287 
620 
1025 
5664 
3081 
8499 
3844 
5896 
6405 
6811 
624 
720 
1902 
1617 
1433 
644 
8232 
2563 
1276 
3837 
2646 
9827 
9220 
807 
2357 
9275 
9949 
3184 
9064 
2042 
5123 
6523 
8496 
6812 
9413 
7364 
584 
5048 
8780 
2735 
6827 
1299 
1042 
4185 
6082 
5043 
385 
7904 
7774 
8078 
9257 
2799 
7022 
6704 
9884 
6465 
8558 
2922 
5738 
7622 
2156 
2568 
2773 
659 
8776 
3003 
7392 
6660 
5703 
3973 
8745 
7885 
1092 
7332 
4751 
4254 
8340 
8965 
2610 
3380 
9572 
5338 
1318 
5404 
689 
8710 
6099 
3315 
7732 
5172 
2717 
4185 
4696 
9800 
2170 
4660 
1913 
9213 
9957 
5249 
6123 
814 
7519 
485 
4132 
7824 
684 
5937 
9207 
8508 
9665 
7428 
9550 
3131 
4472 
6506 
8739 
2649 
573 
5731 
6923 
1228 
4937 
5486 
2592 
1022 
2376 
3204 
2665 
5270 
1881 
4097 
7256 
7830 
100 
2732 
3903 
3629 
4861 
7368 
6096 
7003 
8050 
7732 
6896 
4421 
1618 
7885 
2872 
5759 
3054 
259 
4824 
7926 
4082 
6568 
4327 
1952 
6962 
4005 
1499 
8970 
4511 
1047 
9521 
9905 
3509 
3094 
2138 
4653 
6724 
6871 
3091 
103 
2057 
3687 
4927 
9260 
7081 
8167 
9939 
6105 
9178 
6520 
7165 
5510 
3997 
8364 
6130 
5839 
8459 
9499 
6099 
6493 
9083 
391 
9899 
2068 
510 
1159 
8952 
5045 
2791 
7440 
8771 
8036 
3578 
8818 
509 
5460 
4032 
1150 
9320 
7406 
8836 
2278 
7008 
8032 
8030 
1484 
676 
7986 
2569 
8972 
3157 
6900 
130 
7158 
9833 
4355 
8143 
1219 
6908 
7914 
378 
585 
7541 
7829 
4217 
7385 
9152 
7777 
2924 
694 
8509 
4799 
8850 
7472 
2564 
552 
7367 
8270 
5618 
4778 
6398 
6042 
5925 
641 
2567 
8071 
7409 
3009 
2142 
8429 
9884 
2223 
7824 
7573 
9932 
2735 
714 
4432 
9595 
9447 
4512 
5777 
6580 
2339 
8806 
8779 
1677 
4018 
1246 
8693 
112 
846 
3759 
3083 
4888 
6745 
2527 
8046 
5877 
2546 
1053 
1947 
5979 
1111 
2909 
984 
877 
8101 
9969 
8266 
1362 
2234 
3072 
3077 
7633 
8732 
6613 
9483 
7615 
2354 
6391 
182 
4946 
1680 
8144 
8160 
5008 
368 
1869 
5119 
1049 
3211 
9329 
6863 
638 
6040 
3302 
839 
2492 
2555 
6433 
128 
1817 
7887 
1377 
3349 
4010 
6558 
9924 
8116 
5982 
159 
5621 
7524 
5131 
8964 
3573 
9856 
8803 
8074 
5621 
4687 
4914 
7536 
974 
8653 
2871 
468 
8718 
6565 
9293 
8342 
6400 
155 
1588 
9048 
4918 
7093 
8529 
7038 
7397 
9578 
5647 
5668 
9212 
9395 
2448 
4895 
1490 
8254 
7876 
5372 
9324 
6641 
2836 
6884 
7208 
4667 
3580 
4897 
7002 
7190 
7107 
3322 
1952 
2873 
2200 
4282 
6259 
5914 
3803 
7455 
8413 
1504 
2676 
7343 
3665 
9687 
9636 
5684 
9867 
9213 
279 
6440 
4837 
9929 
8611 
5212 
9411 
7995 
9679 
1314 
6509 
1838 
6179 
4954 
7222 
6778 
5848 
7145 
4861 
8567 
2331 
9414 
7216 
2988 
7347 
9055 
8759 
3444 
7116 
4872 
8484 
5762 
1744 
8003 
9701 
8380 
530 
8219 
3379 
3922 
3030 
3722 
9579 
7634 
3376 
411 
4311 
3316 
7255 
4778 
6088 
2704 
9206 
2583 
1985 
1376 
3215 
8905 
5539 
5839 
1484 
4063 
164 
8305 
5444 
802 
3071 
9228 
4358 
9846 
8732 
8756 
8820 
7951 
4201 
6965 
6015 
7728 
7045 
5929 
4971 
9599 
4870 
4953 
162 
3861 
2678 
2368 
1148 
8833 
3528 
4939 
5592 
764 
165 
2637 
2101 
9799 
744 
8447 
4482 
5920 
8818 
3941 
9694 
1188 
2170 
7563 
2772 
8622 
7925 
766 
1096 
9710 
1262 
4935 
8124 
1909 
1218 
9826 
831 
3772 
3466 
1037 
3107 
3524 
2230 
3388 
2153 
6455 
4867 
1481 
6699 
9614 
5768 
2552 
4742 
6333 
4627 
185 
1874 
8697 
1147 
4407 
6928 
4153 
6993 
4781 
2703 
9930 
456 
6296 
3578 
6780 
8334 
5304 
2897 
5242 
3974 
1488 
9203 
1623 
980 
8076 
8101 
4180 
1460 
7426 
7890 
3246 
311 
2754 
8014 
1076 
7051 
439 
5976 
534 
1221 
6239 
1404 
6520 
6302 
7847 
4515 
3622 
8007 
5824 
7768 
1890 
8938 
3422 
7415 
2393 
1503 
8878 
1427 
196 
3624 
3559 
1140 
7643 
7674 
9274 
2076 
4723 
1576 
2116 
4773 
1143 
4445 
3410 
2969 
6532 
502 
8547 
4172 
7791 
5978 
5785 
442 
4818 
8551 
1929 
6425 
259 
1146 
5171 
2875 
917 
7050 
9307 
866 
6759 
2417 
8981 
7823 
9019 
1864 
7504 
9290 
6850 
6334 
5641 
7320 
1890 
5653 
3840 
5803 
4153 
1466 
1751 
2012 
9403 
6527 
9175 
3021 
7944 
6054 
8621 
5182 
7657 
9804 
1042 
6255 
2792 
6991 
9320 
8573 
3711 
5918 
720 
1738 
1385 
5243 
1592 
861 
8773 
9103 
993 
7651 
1162 
763 
7615 
6689 
1892 
2967 
2442 
3992 
4843 
4761 
3234 
4307 
9636 
2787 
4719 
2559 
7569 
7417 
5382 
5415 
788 
7341 
5655 
2284 
2450 
7993 
8867 
8029 
162 
4489 
7372 
6345 
7220 
2338 
9700 
8206 
1630 
6195 
4999 
6556 
1010 
294 
4597 
428 
3867 
8899 
8199 
6502 
9590 
2066 
5187 
1780 
6190 
7098 
379 
1825 
5919 
6875 
5759 
9980 
2988 
7572 
4835 
7007 
176 
7394 
9307 
3335 
6896 
9703 
7602 
1855 
5279 
3138 
3098 
2413 
5842 
6352 
8718 
2025 
5003 
6814 
4948 
4134 
8848 
6570 
8494 
2526 
518 
5030 
3151 
5886 
648 
6199 
3979 
5563 
7671 
5136 
871 
7999 
715 
9670 
3407 
3316 
8296 
2528 
7270 
5932 
2972 
3486 
1928 
6299 
103 
9458 
7468 
4433 
9695 
1279 
2117 
7656 
7482 
3644 
8407 
8534 
938 
1717 
7079 
4799 
5656 
9023 
4988 
1451 
4870 
5702 
7169 
6191 
2384 
1429 
4620 
7595 
4366 
432 
3384 
2431 
2710 
6849 
5119 
4123 
6926 
4158 
5460 
5393 
559 
9284 
7660 
1721 
2181 
5458 
876 
1937 
3666 
3012 
9630 
4799 
8355 
8489 
2317 
1973 
7259 
7140 
8128 
2751 
6875 
8636 
9844 
5275 
1859 
4000 
5825 
3654 
1361 
1243 
6382 
3839 
4776 
1279 
2913 
186 
8429 
8577 
6303 
3476 
7323 
6209 
5409 
8542 
374 
8933 
5143 
6808 
8940 
6401 
5639 
7547 
3960 
7221 
2062 
9202 
7696 
6034 
8343 
7078 
9822 
3258 
5849 
1877 
5419 
9251 
122 
6623 
9079 
4120 
754 
4252 
8038 
7517 
6330 
1757 
6980 
3244 
9571 
4669 
3561 
9777 
3155 
4644 
1640 
5454 
2811 
2761 
625 
9148 
420 
8512 
2246 
8815 
4407 
4759 
1307 
9748 
9387 
2297 
7686 
1497 
4601 
4846 
7734 
5849 
812 
4752 
7649 
9508 
6213 
2761 
2613 
6071 
5498 
4958 
2799 
3820 
4638 
5298 
5690 
2785 
9900 
152 
4128 
7965 
221 
3786 
988 
5717 
9897 
159 
2495 
6154 
5658 
5644 
433 
4939 
1980 
1610 
1856 
9279 
1184 
5327 
8500 
1431 
5456 
1292 
9395 
6596 
6493 
1283 
3888 
4469 
1540 
2034 
797 
1018 
7775 
7056 
5938 
6986 
4967 
5075 
2390 
4093 
5175 
6812 
3210 
4663 
8220 
3504 
4645 
7122 
3801 
9699 
8826 
246 
8535 
4355 
4902 
9512 
4554 
4830 
2949 
8429 
286 
9825 
3508 
7705 
4480 
671 
3153 
6280 
5609 
2218 
3742 
5367 
8149 
4785 
501 
6944 
6530 
7301 
1381 
1409 
2148 
9801 
4635 
9912 
2437 
6070 
1964 
685 
4762 
5577 
1310 
9708 
6624 
586 
7239 
7965 
7957 
9242 
4493 
8946 
9604 
1511 
6332 
668 
9752 
7374 
9542 
6298 
4369 
5887 
5956 
7648 
1989 
8246 
1851 
3744 
7661 
7163 
3802 
2983 
7664 
7463 
2495 
8422 
4862 
3985 
5834 
3211 
7570 
1316 
266 
4572 
5451 
2111 
163 
9456 
1476 
6346 
1856 
4138 
7134 
4591 
2773 
2258 
9215 
8716 
7742 
8578 
4724 
6500 
4595 
6010 
1314 
8860 
2685 
3152 
8890 
2297 
7922 
6248 
8523 
8708 
4844 
1499 
165 
9302 
2167 
3079 
9756 
8598 
6009 
1235 
5772 
412 
5837 
1453 
7271 
465 
2216 
3346 
8733 
8485 
7148 
6826 
8370 
9261 
4106 
7181 
1706 
4919 
4754 
2742 
1028 
3435 
2871 
5794 
3933 
3184 
9342 
1317 
2549 
6711 
3444 
4074 
2847 
4504 
5135 
692 
2705 
6744 
4269 
7749 
8812 
196 
2361 
5818 
6661 
3660 
7964 
2930 
8882 
2734 
4239 
5002 
2032 
6814 
3039 
6902 
9313 
9904 
3657 
7437 
147 
7026 
8549 
1121 
6987 
2872 
8496 
2762 
2177 
885 
9617 
9199 
421 
7634 
3149 
240 
6655 
7151 
9669 
4770 
2148 
4980 
5949 
4472 
2148 
626 
5160 
9514 
2129 
1850 
1391 
8565 
1242 
6266 
5328 
8399 
1061 
3168 
9667 
5621 
1931 
9020 
3352 
5267 
5100 
3494 
8412 
4782 
628 
2617 
9835 
9090 
4102 
6091 
2447 
8420 
7716 
7721 
1158 
227 
9617 
7684 
8946 
4559 
4173 
4882 
1001 
6854 
7104 
2387 
8349 
5207 
738 
7617 
5798 
2645 
9590 
386 
8747 
5354 
8743 
2414 
6752 
4501 
3147 
7751 
7817 
1697 
2660 
9305 
1117 
8788 
7189 
1328 
5798 
3969 
1538 
4224 
3636 
1738 
9440 
7030 
7265 
3429 
2475 
6841 
3263 
3369 
1430 
2875 
7614 
3414 
3997 
1138 
986 
8479 
2263 
9981 
8048 
9989 
3720 
709 
7025 
3057 
114 
4451 
160 
381 
7275 
2312 
101 
4735 
1721 
4972 
5780 
9363 
4874 
3318 
1992 
9444 
9345 
389 
4248 
8103 
554 
5209 
4971 
9557 
5183 
7425 
1320 
2595 
4531 
3842 
5095 
1263 
1707 
2496 
7427 
8552 
5357 
9916 
7360 
5258 
7824 
7226 
1497 
2789 
7091 
8606 
2547 
138 
2938 
1763 
6622 
6226 
101 
5431 
3097 
2298 
8278 
6566 
6500 
9534 
8490 
4482 
9425 
9041 
4452 
4076 
276 
7286 
9067 
8642 
4906 
3679 
7480 
4116 
5573 
8367 
8857 
9892 
917 
6734 
4340 
4186 
5203 
9081 
8297 
2593 
1255 
8771 
9984 
6258 
9785 
6300 
8705 
3546 
8836 
939 
6818 
9451 
2486 
4795 
5531 
8620 
3237 
3728 
6581 
3918 
3436 
9317 
7505 
9100 
2882 
5492 
7414 
7421 
4876 
4449 
5090 
1578 
8632 
5507 
5681 
6470 
9418 
6575 
5788 
9551 
4100 
9410 
7464 
4256 
9950 
6347 
8127 
3616 
9014 
2244 
1404 
4283 
849 
5387 
8464 
1402 
7807 
3473 
7953 
2561 
9676 
4477 
4690 
1222 
9922 
3310 
4830 
6713 
6924 
7196 
6382 
5044 
9286 
3802 
682 
4896 
9872 
5210 
1452 
8321 
7073 
2668 
8448 
4239 
3752 
1269 
8087 
4147 
7454 
3512 
3339 
2282 
7320 
2371 
2237 
2681 
8008 
7145 
7210 
9021 
4402 
1895 
1420 
1533 
6204 
4005 
7341 
2959 
799 
476 
4982 
1427 
7355 
7662 
3605 
3440 
3318 
2006 
8205 
1417 
8820 
173 
6711 
5628 
195 
518 
4087 
4487 
6126 
6983 
345 
7095 
2113 
116 
7690 
142 
5676 
6938 
9763 
1168 
7200 
1828 
3872 
7242 
5046 
2766 
8703 
2112 
5727 
1556 
3940 
4418 
8342 
8501 
3418 
8074 
9922 
6346 
2595 
580 
9559 
6973 
5344 
698 
8476 
9079 
1964 
6299 
1896 
6730 
3186 
3896 
406 
7544 
8592 
8363 
5639 
4702 
6563 
964 
1750 
2929 
417 
3153 
5654 
227 
8342 
8697 
1896 
4338 
518 
1509 
6809 
9214 
9202 
4571 
6584 
5508 
9381 
4617 
5510 
6811 
5486 
154 
1269 
8490 
2376 
4312 
5907 
6965 
9780 
2607 
1872 
8786 
4632 
4618 
7658 
3596 
9025 
860 
3402 
6595 
9812 
2124 
2183 
3966 
4707 
5310 
6089 
4255 
619 
2394 
2488 
9345 
9961 
1964 
3779 
6304 
3053 
9479 
8028 
9220 
8838 
7526 
1344 
7132 
8909 
1473 
4020 
1459 
4382 
4600 
2651 
7666 
1937 
7983 
6917 
2706 
8567 
3574 
9586 
7403 
4384 
6964 
8884 
4798 
3689 
2496 
7681 
1212 
114 
411 
7751 
3057 
1374 
8045 
9707 
6641 
4116 
1818 
5818 
5005 
6386 
9697 
5040 
6289 
9729 
7297 
9831 
3021 
8083 
6152 
2615 
6750 
4921 
3418 
1516 
3337 
8801 
4186 
3829 
387 
6845 
9016 
9353 
2496 
639 
4823 
372 
3446 
8928 
6618 
9135 
2925 
3696 
5978 
3037 
6693 
7255 
6998 
289 
4596 
6986 
3352 
6397 
5818 
1321 
5360 
3590 
3635 
406 
6623 
6771 
5001 
2288 
9586 
3812 
3539 
2413 
1481 
8320 
8495 
742 
7411 
4502 
1623 
6492 
1608 
6933 
3282 
4760 
1779 
6919 
3386 
3344 
5305 
5944 
3365 
6310 
9562 
8948 
9058 
954 
8867 
6415 
2402 
288 
6190 
3662 
6609 
3004 
8103 
7730 
7183 
5338 
3435 
4133 
3696 
3258 
5775 
8285 
6636 
2536 
6170 
6877 
1347 
410 
8192 
7259 
2897 
9538 
9181 
3964 
7482 
2195 
6138 
5051 
3346 
8113 
4014 
5641 
9083 
1105 
8276 
6911 
9564 
895 
9973 
399 
1915 
5935 
3954 
5160 
1959 
5419 
1489 
2759 
3540 
347 
4785 
8154 
4499 
5074 
4523 
897 
7661 
869 
9175 
9934 
4349 
4039 
9192 
8267 
6951 
2495 
3253 
458 
249 
9003 
1525 
7511 
9724 
3502 
6758 
3722 
1671 
676 
2171 
6281 
8080 
8199 
5855 
9915 
9023 
442 
6842 
8758 
2898 
7394 
9727 
9322 
6855 
5589 
8927 
1671 
3865 
1434 
7758 
472 
2409 
7184 
1743 
9043 
9000 
1227 
3935 
4328 
2207 
2873 
6971 
2439 
3340 
9682 
8607 
3519 
8361 
6334 
1565 
7537 
9354 
9248 
1414 
3139 
8003 
7424 
7399 
8704 
4836 
3959 
1154 
7708 
3234 
2195 
2648 
3238 
2563 
922 
1137 
310 
4021 
3068 
1448 
3142 
6235 
4625 
6917 
9420 
7957 
8817 
904 
3573 
2619 
978 
4015 
9934 
6327 
9068 
9268 
2092 
860 
3273 
2966 
4619 
3606 
5656 
7906 
7684 
9359 
6048 
8191 
8567 
379 
2289 
5171 
4024 
7889 
3287 
356 
2822 
4455 
8568 
9551 
153 
8921 
669 
7727 
1966 
1749 
3229 
1658 
9070 
3718 
1636 
1054 
2793 
1002 
6802 
9043 
960 
1698 
7008 
5549 
6496 
5719 
4750 
3873 
8034 
8371 
2104 
8673 
2512 
5715 
8823 
566 
552 
9175 
7635 
6249 
3081 
7810 
9366 
193 
8425 
4405 
3404 
3197 
4985 
2963 
3111 
9358 
3648 
6096 
5630 
5072 
6132 
190 
6277 
1991 
7608 
3397 
5833 
1536 
2367 
5020 
5074 
834 
3087 
5801 
1162 
5250 
1872 
9139 
8796 
6562 
8803 
5389 
6454 
1336 
4384 
4723 
8857 
8071 
6183 
6044 
911 
1564 
1928 
2220 
604 
2583 
2798 
1177 
5468 
1716 
6535 
8472 
5244 
6709 
7231 
1428 
9397 
6142 
2233 
7498 
3156 
4236 
9279 
1907 
2869 
163 
9281 
2831 
3437 
8402 
5385 
3114 
2998 
2421 
6687 
4062 
7349 
6839 
2457 
9221 
4455 
4610 
4586 
9401 
7962 
5461 
1739 
7787 
7657 
3344 
136 
252 
9935 
6207 
9441 
8026 
8013 
1073 
8624 
7515 
3974 
596 
9466 
7151 
199 
2494 
6542 
8693 
2324 
9322 
5963 
5869 
9726 
5662 
9279 
1381 
4017 
5269 
3465 
117 
5001 
9566 
9552 
3069 
436 
5343 
4445 
9991 
3458 
4119 
1218 
7386 
5802 
6991 
6302 
3854 
6119 
8012 
1385 
7685 
9535 
7957 
9770 
3668 
1971 
7771 
9816 
5550 
6850 
3593 
1260 
7518 
8329 
1865 
966 
5729 
197 
2753 
5927 
7853 
4649 
5320 
3915 
1010 
3707 
3801 
2073 
4284 
9816 
2067 
3395 
149 
2792 
3530 
1784 
6542 
8860 
4846 
4201 
9241 
3540 
5989 
4809 
8434 
285 
3976 
909 
5947 
9272 
3719 
9778 
2625 
4181 
189 
1694 
8230 
9166 
5061 
3983 
8108 
6912 
9158 
9264 
7151 
9028 
1358 
3402 
2448 
4781 
5210 
2375 
7978 
9273 
4238 
7634 
3411 
8330 
7517 
7738 
9009 
5663 
8599 
7892 
5366 
2651 
5790 
5792 
1881 
7399 
6807 
5236 
8642 
9251 
4010 
3221 
1762 
8519 
1270 
1957 
6989 
2712 
4933 
6678 
2549 
1495 
5734 
2204 
3924 
9379 
4877 
7360 
3526 
3326 
2131 
3120 
8144 
5933 
1227 
5476 
4673 
2297 
7075 
2204 
4467 
1043 
7683 
5510 
4030 
7621 
4469 
8107 
9946 
5203 
6416 
1337 
4734 
9311 
435 
1915 
4330 
6556 
4763 
7220 
3133 
2395 
3121 
2794 
7876 
132 
675 
2591 
7520 
4826 
5309 
9388 
8370 
4262 
7012 
854 
7126 
4897 
3311 
130 
4521 
6657 
7730 
7396 
937 
9864 
6360 
6243 
3096 
6922 
1180 
7401 
9595 
8424 
9828 
2758 
5557 
5194 
2267 
5028 
6571 
108 
9354 
5622 
9908 
639 
7698 
5081 
623 
1520 
3240 
6668 
8561 
5670 
8269 
1260 
825 
5365 
7113 
4408 
2338 
495 
9540 
7284 
3861 
346 
9376 
8073 
4856 
8397 
3494 
8504 
8038 
3524 
6316 
2543 
956 
3043 
8016 
9845 
4494 
7766 
8708 
6383 
9428 
8551 
8678 
437 
1988 
2633 
9850 
2334 
8301 
1073 
4438 
2968 
4749 
965 
2874 
8821 
7040 
7821 
250 
9967 
901 
1845 
8441 
9019 
286 
9556 
4291 
7387 
8133 
5671 
9368 
9838 
7206 
8423 
752 
7490 
6077 
5065 
5263 
6234 
2844 
5636 
3751 
8362 
1944 
2637 
9956 
7999 
3249 
8526 
4744 
9308 
1884 
5141 
7316 
6766 
1951 
4360 
8063 
9761 
5417 
3191 
2006 
2620 
6155 
3754 
9840 
8488 
2727 
4393 
717 
6782 
7763 
4730 
6971 
4462 
4042 
2661 
3636 
9099 
5120 
8212 
1559 
102 
9247 
2902 
2145 
1117 
4579 
499 
296 
4443 
2078 
3577 
2884 
4479 
1656 
3284 
8986 
4122 
375 
1229 
7159 
3567 
1879 
377 
805 
7575 
775 
3042 
4573 
3069 
1808 
3251 
2569 
4409 
1554 
5405 
5540 
5674 
2716 
135 
2817 
8044 
155 
4498 
4869 
4282 
7297 
3082 
162 
861 
9441 
1752 
9312 
9186 
140 
4132 
2794 
1273 
5699 
4424 
5651 
2137 
8885 
336 
8115 
4338 
5257 
3886 
1490 
6587 
6256 
6826 
4095 
2777 
2282 
6966 
8493 
2625 
5688 
9183 
1707 
180 
7002 
479 
7758 
2793 
8068 
3616 
6526 
6473 
481 
5339 
7738 
6788 
116 
4751 
2584 
8993 
6439 
5949 
845 
9074 
9203 
6223 
5765 
1013 
8090 
6585 
4288 
3095 
2948 
8711 
9338 
8772 
8292 
2822 
9700 
4938 
3766 
3664 
1348 
5931 
7767 
6575 
4934 
5824 
161 
9666 
8941 
1018 
3010 
1549 
9931 
6148 
8408 
5962 
5512 
8949 
8235 
4734 
9042 
1314 
550 
1047 
7826 
2240 
6052 
9137 
8103 
7511 
4435 
536 
7329 
8882 
1048 
5319 
5468 
6066 
7455 
1119 
374 
2482 
9420 
9747 
319 
2294 
8819 
6816 
8684 
2957 
1360 
1130 
2392 
6021 
8276 
9362 
9896 
2477 
6829 
3156 
2089 
2149 
3041 
4396 
1065 
8210 
1351 
3608 
318 
6895 
6130 
7785 
4534 
8157 
2650 
8739 
3485 
410 
1529 
4788 
1797 
448 
2783 
9025 
136 
8068 
8866 
2204 
9440 
3247 
2293 
962 
9488 
5513 
3140 
6609 
1199 
3169 
7289 
1014 
194 
6185 
2702 
4548 
2195 
9678 
3424 
4769 
7577 
6294 
9149 
8938 
9366 
8018 
6602 
6375 
4588 
4291 
6595 
9913 
9245 
6489 
2911 
4352 
3343 
7734 
7614 
6249 
1272 
1104 
1923 
9877 
5643 
5814 
139 
8037 
1198 
522 
1523 
800 
9063 
3676 
5875 
3111 
4387 
1272 
1078 
4112 
8579 
1734 
6747 
5806 
4804 
3311 
4062 
3922 
7737 
3023 
5462 
9675 
4039 
7318 
4743 
184 
5645 
7480 
9620 
9726 
7534 
8340 
5253 
1238 
140 
3282 
3936 
4077 
5794 
9349 
7207 
511 
382 
657 
8750 
6526 
3577 
7590 
7096 
1820 
3124 
5338 
2477 
6472 
5826 
7700 
602 
5236 
9212 
5396 
2949 
168 
6293 
2577 
683 
997 
173 
1371 
1079 
4531 
7669 
4655 
6097 
5241 
6063 
2360 
4113 
3645 
1279 
9538 
9295 
705 
5556 
3497 
2825 
6710 
7882 
7617 
4576 
8717 
5469 
5775 
7631 
3838 
9751 
6740 
3016 
5217 
5959 
7834 
6333 
2618 
3809 
1879 
3192 
3282 
4155 
2959 
8840 
1728 
1739 
4710 
4200 
6966 
6235 
7714 
734 
8216 
4950 
8974 
2829 
6199 
3218 
2108 
2599 
956 
746 
4194 
4210 
496 
4694 
1077 
325 
3496 
2969 
2227 
352 
2046 
9879 
2106 
3222 
2106 
8369 
1222 
6248 
114 
8623 
4632 
494 
5970 
107 
7314 
5892 
3590 
4401 
6430 
5280 
9491 
4112 
2126 
2732 
2292 
1675 
2447 
4004 
127 
6754 
2343 
8429 
3904 
5110 
365 
6367 
1359 
964 
9575 
4001 
7728 
1394 
126 
2816 
6249 
1637 
607 
5115 
1645 
3261 
3675 
2398 
1559 
3421 
8221 
5785 
211 
4234 
971 
9085 
4342 
9136 
2214 
4050 
1917 
5100 
588 
7976 
8211 
601 
685 
7704 
4317 
7066 
746 
7717 
9103 
6625 
8073 
2469 
9441 
5066 
3765 
5542 
7484 
1191 
1859 
287 
7567 
8264 
4127 
4196 
1726 
8614 
2117 
8789 
8138 
813 
651 
9316 
5131 
7972 
5707 
9073 
8937 
8234 
1839 
7427 
4650 
719 
9893 
5413 
5670 
7708 
450 
9419 
2183 
7216 
4371 
6992 
1660 
9591 
3502 
9230 
5709 
5657 
5015 
8760 
2536 
3549 
3022 
1575 
5642 
6984 
7590 
6223 
4841 
1494 
2561 
414 
2414 
4628 
455 
2289 
9712 
2855 
7877 
9346 
3323 
1196 
5585 
9857 
4688 
2061 
5420 
9726 
6550 
4541 
3537 
2145 
8030 
7072 
5562 
710 
8100 
3818 
7249 
968 
8321 
6019 
9460 
5289 
7054 
8035 
5330 
5467 
3363 
6336 
8498 
5198 
5357 
9840 
8610 
3959 
7933 
4141 
2941 
6889 
4925 
7765 
8630 
3618 
4366 
3659 
4689 
5892 
718 
8414 
7825 
8415 
9269 
883 
1404 
7736 
5390 
2641 
6250 
9752 
5042 
9017 
9532 
4468 
5455 
7440 
7258 
4996 
8616 
347 
8229 
4929 
4887 
3110 
9147 
3744 
3518 
3313 
7080 
9046 
2106 
4119 
9785 
823 
7752 
8812 
2140 
9200 
2514 
1330 
7108 
1116 
165 
1512 
7241 
1910 
5063 
1744 
6172 
3837 
1781 
251 
8184 
6621 
5191 
5028 
7827 
9055 
2175 
9478 
900 
8111 
4830 
8010 
6126 
2822 
5856 
4080 
5274 
1172 
9198 
954 
3492 
683 
1639 
8304 
6924 
875 
3608 
5187 
1837 
629 
8360 
1490 
1258 
5359 
3521 
7730 
3491 
739 
3048 
2510 
3799 
6676 
113 
1131 
4644 
4526 
7423 
3317 
2153 
5016 
1223 
3004 
5821 
1881 
5204 
7717 
8969 
1348 
1351 
6830 
880 
8674 
2052 
8466 
7535 
971 
6377 
6389 
574 
2128 
8540 
589 
2342 
168 
1308 
4941 
2189 
6964 
233 
7631 
413 
2801 
4336 
8844 
5204 
2714 
7039 
235 
628 
5096 
9799 
9653 
172 
2327 
5087 
8705 
3771 
4613 
7396 
1665 
1353 
6682 
5246 
3799 
8070 
3823 
8974 
2149 
9648 
1629 
6212 
8576 
4618 
1778 
8558 
3776 
7484 
1330 
7146 
9143 
5601 
6568 
7740 
3147 
926 
1960 
907 
5842 
6978 
5650 
5797 
6121 
792 
2885 
6243 
5649 
6873 
7214 
3320 
1990 
5119 
699 
5826 
6397 
5541 
5408 
5411 
5530 
6234 
7525 
1114 
1275 
2180 
6442 
2954 
325 
1504 
2008 
7628 
2025 
5800 
1270 
5024 
3026 
7854 
1524 
1359 
5997 
5957 
9736 
1900 
4357 
3486 
9507 
4041 
6571 
848 
8974 
8965 
6319 
4065 
7542 
6963 
2797 
5425 
1745 
2246 
9078 
3670 
3372 
3832 
1546 
3137 
6324 
9882 
2447 
6607 
701 
1718 
481 
7628 
7937 
1616 
8502 
4066 
1432 
3419 
508 
3360 
8913 
6151 
130 
8294 
3995 
4600 
4272 
5324 
4146 
9043 
7140 
3889 
793 
6065 
3881 
8321 
5776 
6438 
5269 
6624 
3346 
2267 
4864 
804 
1230 
9847 
4109 
4639 
8688 
4060 
8214 
2601 
6732 
5486 
8984 
332 
2598 
9582 
1576 
3449 
9296 
8373 
8560 
2296 
3505 
5980 
9723 
7020 
5615 
5016 
5320 
1285 
6937 
2099 
2494 
1103 
4851 
7909 
5181 
4504 
4718 
4338 
9564 
7567 
419 
2365 
2677 
9560 
5916 
9226 
7049 
4652 
816 
8464 
6625 
2493 
1945 
2701 
1954 
5158 
964 
1364 
4956 
8081 
7476 
9234 
9263 
5011 
2962 
5311 
6299 
6626 
5189 
4943 
371 
7254 
3963 
8168 
9372 
6205 
273 
9501 
2839 
9145 
1557 
1609 
5449 
5140 
5845 
7656 
8676 
4212 
1715 
3743 
4164 
6009 
6744 
8604 
2488 
8978 
9138 
5384 
9802 
688 
9531 
9960 
9645 
2531 
7063 
5939 
2258 
2480 
6026 
8878 
9079 
2324 
8691 
9763 
6253 
7698 
1081 
1936 
228 
6872 
4417 
6300 
3125 
6720 
6393 
8148 
251 
4482 
9556 
1844 
6415 
8759 
3074 
433 
114 
2936 
5787 
4467 
2587 
8133 
1001 
9168 
2364 
1329 
6079 
1298 
3264 
2410 
8857 
7883 
150 
5031 
2625 
127 
9234 
4523 
843 
8112 
6302 
3430 
161 
2007 
7486 
3754 
8800 
366 
3806 
5770 
7884 
9754 
4314 
607 
947 
7094 
4601 
2996 
4924 
1547 
8759 
9761 
9993 
4955 
4606 
8134 
8104 
1677 
289 
269 
3378 
1154 
7300 
5873 
8643 
3766 
8091 
4158 
4151 
2514 
9437 
6462 
6334 
1375 
5812 
9618 
4091 
4629 
2036 
5842 
8191 
3553 
5974 
5451 
5196 
9013 
3985 
5607 
9417 
7785 
8483 
5851 
9154 
2959 
6561 
777 
8936 
6516 
9049 
3302 
7452 
2962 
1856 
2166 
7555 
7971 
6141 
7283 
2583 
9105 
2065 
4253 
1419 
7208 
5617 
5547 
440 
476 
257 
5199 
4328 
3591 
7871 
9752 
7886 
109 
7321 
5569 
3872 
3957 
6028 
6791 
5875 
5490 
9515 
2999 
1506 
9404 
5560 
1718 
5466 
333 
8338 
3194 
103 
4948 
1323 
8934 
1024 
2118 
980 
9859 
8522 
7067 
1687 
6169 
8860 
2457 
8977 
5917 
4816 
7198 
7690 
836 
4768 
2022 
9970 
8262 
6428 
5469 
2362 
2542 
6647 
206 
5420 
7822 
175 
5834 
4936 
1455 
4391 
325 
9997 
2405 
8130 
1850 
7728 
5873 
7374 
2254 
110 
6049 
8011 
9858 
2677 
3202 
2055 
4626 
3914 
2181 
4551 
6538 
1367 
1743 
4404 
2953 
4564 
8075 
5615 
781 
7086 
5594 
5282 
5182 
9376 
5099 
7765 
1271 
3597 
6181 
1754 
145 
4029 
2257 
7590 
6053 
1058 
3300 
6012 
5481 
405 
1002 
3383 
4552 
7666 
6319 
2227 
575 
797 
169 
4009 
9697 
4063 
2797 
3285 
3892 
3457 
1463 
7766 
7990 
4467 
7257 
8146 
973 
1402 
9393 
8595 
2267 
2036 
6783 
4338 
1104 
665 
5943 
7950 
4042 
8512 
991 
5801 
1655 
2075 
2468 
6528 
4363 
7168 
249 
7189 
2205 
484 
9487 
6010 
1995 
7190 
9280 
6827 
4751 
1446 
6212 
6441 
2105 
5984 
2807 
8495 
3595 
4825 
3858 
7699 
6212 
452 
8934 
3082 
4516 
562 
8695 
6424 
6990 
244 
5029 
8212 
9995 
3646 
8837 
8932 
7035 
7737 
9598 
8057 
7255 
8325 
4528 
153 
8578 
5450 
4031 
1093 
3438 
3593 
3758 
2567 
8586 
7188 
9861 
8746 
9161 
3398 
5093 
5030 
5214 
7792 
5410 
5446 
4979 
9697 
9455 
888 
4473 
5938 
744 
2144 
5562 
1947 
6264 
169 
4682 
613 
1995 
9498 
268 
3005 
8334 
5488 
3121 
4690 
723 
4445 
4395 
5467 
8560 
1453 
2895 
9512 
3063 
1937 
4105 
4291 
4160 
715 
4634 
8130 
2082 
9188 
5436 
5549 
800 
9917 
2454 
7238 
6176 
720 
602 
1130 
1352 
8658 
9884 
8802 
3762 
7895 
7486 
2598 
4590 
498 
4646 
9071 
9829 
2152 
4017 
2999 
8987 
8512 
3808 
7936 
8671 
2905 
8497 
8013 
3741 
184 
7609 
961 
178 
2396 
6236 
9874 
130 
1631 
959 
6329 
7990 
2492 
8069 
5001 
6689 
1704 
3334 
122 
7971 
4559 
1086 
7281 
9430 
6107 
1457 
9534 
1059 
2371 
5612 
6657 
5153 
9038 
775 
425 
7140 
3298 
3382 
507 
1414 
494 
991 
6971 
8164 
5632 
1766 
5610 
3487 
2835 
3203 
6669 
7827 
7481 
3093 
7093 
1572 
3025 
5776 
6352 
404 
7846 
5378 
1100 
7345 
7235 
5252 
1219 
1339 
1814 
6812 
9688 
6563 
9792 
6879 
508 
2575 
7558 
2755 
9596 
1691 
6376 
2322 
6907 
3529 
5468 
1546 
1016 
7369 
5318 
3106 
5916 
7347 
2629 
5175 
3010 
2113 
8365 
5957 
6083 
6170 
8428 
8513 
1101 
4137 
955 
1411 
239 
9164 
6212 
2289 
6083 
4968 
7771 
7942 
8841 
1418 
3530 
113 
4092 
3064 
3548 
298 
6324 
7990 
6422 
7311 
5175 
3061 
8941 
301 
2140 
3046 
5224 
8650 
9358 
4508 
9827 
9823 
1673 
575 
844 
7107 
2804 
5980 
7486 
243 
5595 
2986 
2712 
6398 
9543 
1623 
8106 
2684 
4556 
6321 
3643 
446 
4560 
1857 
4185 
5664 
9939 
5730 
3166 
907 
4095 
1504 
2571 
1928 
6653 
3883 
9748 
4735 
7537 
7850 
7655 
8989 
8036 
4172 
2714 
772 
7116 
5593 
6497 
8652 
2634 
1031 
8793 
8935 
7519 
6858 
3748 
1635 
5868 
4515 
6273 
2968 
5397 
2793 
4215 
100 
3552 
3732 
9454 
7735 
3440 
8917 
7002 
8569 
8041 
2836 
2196 
6792 
7327 
7762 
9735 
3471 
5600 
3389 
7716 
3679 
2522 
2018 
2179 
600 
7194 
3260 
4519 
4084 
6706 
5194 
2988 
5886 
9254 
7439 
3583 
3088 
1028 
9635 
1290 
3242 
7997 
6103 
1546 
2190 
5860 
9414 
7055 
8775 
7490 
3959 
3072 
2778 
2324 
9118 
4873 
2165 
2498 
866 
914 
4133 
9068 
521 
8109 
1028 
7331 
2688 
4923 
4046 
7825 
3559 
6651 
772 
2966 
1417 
7920 
8746 
7504 
3545 
3374 
1435 
3462 
4968 
1249 
8284 
6481 
3923 
2282 
5102 
6359 
8184 
968 
2461 
8262 
7161 
1486 
9493 
7882 
6122 
5398 
6293 
5483 
3317 
5602 
9915 
9894 
5709 