4246 
2703 
5982 
7575 
8475 
4384 
3866 
9008 
8355 
2156 
4439 
9528 
8813 
6959 
6096 
4561 
2412 
4215 
4063 
5754 
7048 
8796 
8835 
3173 
5425 
5197 
1136 
9508 
6644 
7289 
9601 
3167 
3495 
8806 
4200 
1732 
6222 
5793 
2054 
3963 
6208 
6898 
9351 
2037 
6211 
4411 
5252 
1745 
5555 
1630 
7228 
9594 
2610 
6840 
4252 
3200 
9194 
9054 
6315 
7138 
2446 
1570 
3139 
7317 
3806 
3106 
553 
7860 
5705 
5133 
177 
3572 
2077 
7555 
9246 
3234 
3610 
8936 
9541 
5467 
6868 
9108 
673 
7303 
2823 
6474 
467 
1923 
6085 
515 
2175 
6778 
507 
138 
435 
7136 
4034 
407 
2645 
8459 
1985 
5065 
7988 
8942 
3727 
529 
6912 
723 
4806 
4889 
2934 
100 
4435 
5357 
7700 
5877 
6442 
1877 
9483 
994 
9943 
6800 
5026 
1953 
9407 
4985 
6582 
8980 
9541 
6841 
9599 
3165 
6552 
6569 
7022 
9566 
7065 
1217 
8403 
9708 
5531 
3058 
8283 
175 
9683 
8605 
2727 
8521 
3711 
3774 
5224 
240 
2579 
424 
8870 
5738 
3998 
9854 
447 
916 
1643 
7467 
700 
3103 
1172 
7935 
4927 
359 
4864 
5047 
7433 
8401 
1917 
6152 
4553 
1585 
5097 
1751 
9375 
8229 
8154 
6744 
9710 
6434 
2894 
9265 
2383 
7753 
300 
8986 
9794 
5173 
681 
4499 
6608 
4627 
375 
7553 
4924 
383 
4440 
887 
4168 
1047 
5648 
9006 
4211 
9982 
8104 
3521 
144 
8031 
9695 
9223 
8626 
7484 
5867 
4237 
6595 
3202 
8253 
975 
996 
5178 
6307 
8659 
6607 
9695 
7015 
5827 
504 
6951 
6244 
8645 
898 
5793 
4104 
6024 
9901 
777 
5925 
7437 
5869 
4298 
4578 
7328 
7975 
3617 
2559 
5857 
6036 
3209 
8357 
308 
107 
8633 
7756 
5761 
188 
4806 
8358 
6296 
3047 
4950 
6952 
1941 
1163 
9235 
7321 
5227 
4108 
9991 
4019 
449 
1243 
3066 
6615 
9606 
4465 
4934 
6333 
8546 
7639 
9091 
5225 
3674 
4290 
9636 
2280 
1007 
2908 
6572 
1594 
4948 
6909 
8830 
7114 
7675 
4137 
3105 
760 
8587 
4451 
3996 
9015 
2079 
1871 
5779 
4290 
1966 
6292 
9598 
2794 
1794 
7696 
6850 
8795 
1735 
5046 
1567 
8973 
2978 
5635 
3974 
8933 
8860 
2991 
756 
3291 
2554 
6782 
3983 
423 
2618 
1846 
1867 
8069 
1340 
4810 
8042 
1079 
4346 
4821 
6510 
8649 
150 
6691 
5740 
5040 
7455 
6889 
5247 
8988 
8991 
1717 
1830 
9421 
2899 
6000 
5899 
9233 
3688 
463 
1505 
6491 
4319 
6185 
7577 
8928 
4300 
7827 
2385 
682 
7697 
3015 
5098 
6175 
2770 
3011 
1636 
3516 
6229 
4046 
6088 
3867 
5672 
9301 
3666 
4933 
7646 
6548 
1305 
9776 
8023 
5328 
1484 
1064 
4651 
1361 
1146 
9260 
7523 
2124 
9454 
880 
4453 
2062 
3109 
5664 
8954 
9942 
7054 
7108 
4349 
473 
3822 
9310 
1730 
1705 
4028 
992 
1728 
1663 
7183 
2955 
3148 
1845 
1042 
6307 
8324 
6736 
6929 
4926 
7573 
2027 
2260 
5131 
3786 
4751 
9765 
1583 
7025 
7070 
8814 
7674 
7499 
1919 
8388 
7992 
6880 
198 
9258 
1780 
781 
3526 
4612 
135 
7756 
9297 
3257 
350 
9229 
5261 
7219 
5498 
9222 
6258 
8039 
2672 
8724 
7981 
555 
4144 
112 
9568 
5049 
4835 
1236 
2707 
1231 
6894 
2968 
7896 
9471 
4548 
7306 
4044 
2010 
9879 
6297 
6713 
2996 
8062 
7707 
857 
2036 
21216 
24275 
27819 
26614 
25631 
25726 
24374 
21669 
28592 
22632 
26255 
22125 
29084 
25917 
24636 
22992 
23060 
21139 
25161 
26913 
29326 
29708 
23811 
22070 
29325 
23804 
21915 
23062 
22564 
23098 
23651 
29035 
21027 
22783 
26694 
27620 
27398 
27050 
28003 
27952 
21966 
20105 
20226 
26094 
28631 
29588 
25392 
26404 
27930 
27939 
20086 
29135 
23183 
26350 
26256 
25151 
28864 
22790 
26766 
25073 
21976 
29059 
29193 
29496 
29812 
28559 
25214 
29764 
28896 
28461 
26951 
21139 
29139 
20228 
20636 
22516 
22895 
22458 
29200 
27537 
25715 
25308 
25905 
29092 
29322 
23674 
21777 
20141 
28820 
28527 
26003 
27381 
22176 
29675 
23688 
24802 
24021 
20038 
25693 
21164 
22251 
20038 
25895 
29251 
29031 
22511 
20767 
29745 
22038 
29088 
23230 
27977 
26792 
22522 
28843 
28607 
24738 
28365 
28356 
22988 
26130 
21448 
26489 
25681 
25860 
23111 
28429 
21642 
24523 
24584 
22503 
22783 
20637 
23277 
26390 
27889 
21148 
24530 
21362 
28012 
24098 
22107 
20610 
20944 
29933 
24265 
25574 
29418 
24173 
23280 
29586 
21850 
26764 
25241 
26890 
27114 
24598 
21020 
29139 
29538 
26808 
24315 
22908 
20175 
21418 
25333 
21335 
29809 
21847 
29547 
24772 
25927 
23799 
22926 
28685 
26491 
23683 
27303 
28807 
24242 
26043 
26146 
27216 
21341 
25639 
25029 
25206 
27492 
25371 
27611 
28251 
24788 
20822 
23728 
29154 
20323 
25925 
22944 
22098 
21016 
28684 
27087 
26973 
26724 
23383 
24623 
26296 
25985 
28528 
22636 
28805 
26723 
28755 
24972 
21179 
20538 
26339 
23740 
22384 
24708 
25813 
27335 
27257 
29164 
20832 
27324 
28458 
26448 
24983 
27585 
24950 
22638 
22796 
21511 
22735 
20648 
28361 
20817 
23041 
29569 
26120 
27691 
27251 
26569 
20952 
25697 
29631 
20389 
25209 
27546 
22848 
25551 
27736 
23943 
24674 
28791 
21440 
27141 
27230 
21684 
28460 
20161 
25724 
29183 
23856 
21490 
29601 
22473 
22685 
21177 
28637 
29155 
28476 
20184 
22594 
24399 
24846 
26659 
29115 
26675 
29016 
24844 
21878 
23975 
21132 
28958 
27690 
20449 
22539 
25806 
21168 
26984 
24126 
20686 
29988 
23557 
24921 
22245 
27859 
25163 
26024 
25752 
24148 
26263 
22375 
28405 
28696 
24612 
27960 
25334 
26642 
27764 
22409 
28938 
22650 
21971 
27502 
28017 
26612 
29955 
26865 
23976 
26879 
22449 
24158 
29298 
23332 
25732 
27983 
26791 
29198 
27855 
28579 
26758 
20565 
21878 
26390 
22342 
22106 
26062 
21597 
21744 
20861 
26174 
24347 
27909 
22942 
22816 
21689 
23793 
24885 
26220 
26550 
27901 
27654 
23822 
20131 
22236 
24477 
23565 
20350 
28966 
21343 
28108 
22684 
29172 
25656 
29136 
29632 
20291 
27225 
22545 
21486 
21558 
29807 
25862 
22567 
22627 
27717 
24123 
25838 
24086 
28256 
23590 
26706 
29579 
28006 
20567 
25552 
24561 
20249 
26500 
23632 
20106 
20575 
23860 
22808 
26217 
24625 
21802 
20297 
28044 
22013 
25776 
25856 
28567 
22232 
27773 
27020 
27512 
27874 
24179 
25505 
24722 
25862 
20820 
28933 
22344 
29553 
21903 
26983 
24344 
27013 
20319 
27882 
27482 
29283 
27900 
23151 
27043 
27952 
27353 
29541 
24538 
21432 
23490 
24054 
29452 
21887 
27501 
23107 
29416 
23918 
24573 
23334 
23032 
21426 
24788 
27430 
27418 
27582 
25240 
29898 
21667 
25881 
25841 
21275 
20003 
29481 
22998 
25615 
27678 
24971 
25824 
22488 
25594 
29675 
29190 
20696 
29908 
27239 
21301 
28478 
20085 
23896 
28714 
28498 
26155 
20805 
24419 
24888 
23028 
22561 
25305 
26771 
28183 
21546 
27743 
20410 
24797 
21549 
27657 
28947 
23208 
25545 
25170 
20900 
20355 
25696 
23395 
22119 
27546 
27666 
24104 
24208 
26870 
23705 
26613 
28312 
25316 
28849 
25629 
26508 
28168 
21403 
22117 
26357 
26068 
24044 
24493 
20444 
22782 
25101 
28874 
27273 
20408 
21930 
22264 
24880 
22299 
27349 
28287 
28500 
28845 
28890 
27791 
23086 
27821 
27870 
22970 
27371 
25989 
21690 
22057 
22892 
21757 
27348 
25073 
24145 
26596 
25935 
21228 
24337 
29814 
20638 
25641 
25351 
22688 
26195 
23214 
26094 
27383 
22517 
27612 
25467 
25584 
21072 
26827 
26843 
28687 
23648 
21426 
21569 
22032 
21016 
23182 
21958 
27110 
28620 
20350 
29561 
28214 
21464 
22819 
22660 
20393 
20647 
28410 
28640 
29926 
21207 
25711 
20980 
27733 
28957 
21642 
29559 
25483 
28998 
24191 
23339 
26193 
29250 
29410 
22461 
21256 
24716 
21690 
25171 
20179 
22200 
27250 
21624 
25889 
28559 
20808 
20705 
27741 
25895 
24820 
21003 
25099 
20124 
26074 
21956 
29774 
21013 
20228 
20401 
24847 
24944 
26562 
21620 
21315 
27256 
25465 
24627 
24134 
21288 
20310 
23732 
26782 
25311 
23264 
20380 
20904 
24421 
25928 
28080 
25735 
24057 
25965 
26297 
26872 
23929 
24678 
25778 
23283 
22349 
22762 
25084 
20994 
24422 
25174 
28806 
25211 
25704 
21822 
26086 
21913 
20756 
23141 
22715 
26136 
22116 
24432 
20477 
26624 
24109 
24541 
28183 
20746 
22426 
25153 
21248 
22491 
21915 
26233 
25315 
25837 
23776 
21536 
25454 
27623 
22838 
28654 
26764 
29727 
27985 
23061 
22653 
26264 
28242 
24683 
29667 
23526 
29912 
26303 
28619 
26363 
25420 
24266 
24838 
23448 
21345 
28317 
29508 
27597 
24025 
24624 
28585 
23592 
27915 
29453 
27640 
29824 
22363 
21536 
26803 
20544 
26925 
23539 
28986 
26437 
29608 
25271 
23929 
21054 
24192 
23736 
24222 
24510 
23911 
24468 
28738 
22422 
26194 
23084 
22389 
23632 
29642 
22663 
29339 
20304 
28152 
21905 
20016 
29476 
26035 
26621 
20658 
27637 
24810 
27403 
24529 
25109 
21640 
26790 
26820 
23837 
26835 
23161 
29239 
29885 
26245 
28666 
22912 
26908 
24530 
22363 
28109 
22969 
20094 
26477 
23950 
28884 
20774 
27633 
20568 
22839 
23845 
21150 
21260 
22002 
23966 
21008 
25076 
28365 
23222 
29478 
22406 
27167 
24913 
29227 
24011 
27628 
21650 
27204 
23396 
20263 
20180 
25640 
21325 
20025 
24953 
21989 
29025 
23081 
24905 
24692 
29174 
25965 
25252 
20451 
27062 
22392 
28832 
24150 
27595 
20447 
21189 
28905 
26536 
28946 
25489 
29199 
25008 
22509 
28216 
26423 
22595 
24497 
20459 
26538 
28488 
24421 
24611 
29720 
29820 
29974 
25786 
28891 
27403 
25830 
21767 
26355 
26179 
25643 
20307 
27473 
22424 
21024 
22571 
22315 
22824 
20397 
25477 
23607 
27622 
29016 
24568 
25379 
28780 
26426 
26828 
26355 
27973 
22966 
28637 
27974 
27583 
26057 
23096 
29256 
29585 
24827 
25981 
22143 
23130 
20644 
28919 
21401 
23200 
21687 
22460 
20471 
29487 
21254 
22083 
27517 
22771 
26367 
28954 
28160 
28297 
23013 
29612 
22070 
27877 
24602 
27608 
27223 
28532 
29724 
21595 
21510 
22324 
29070 
28909 
25900 
26332 
28577 
25686 
22043 
21589 
24947 
23676 
20825 
24188 
26701 
26430 
21521 
23003 
27609 
23855 
20064 
28349 
23902 
28733 
20236 
21324 
25028 
26142 
29082 
21881 
26368 
20562 
28402 
20719 
20066 
29176 
23120 
29148 
26841 
20944 
28786 
28669 
20728 
28415 
25217 
28792 
24375 
22345 
22440 
24293 
22819 
21640 
25735 
20730 
23888 
21347 
23538 
29441 
22527 
23139 
24726 
22213 
23529 
25558 
20805 
29491 
20348 
20521 
25931 
22514 
22880 
22648 
23295 
21243 
23469 
23575 
23345 
27540 
22151 
20235 
24821 
25455 
29926 
24832 
20361 
20755 
28180 
23731 
24226 
29108 
29770 
29460 
25197 
26190 
25981 
26153 
21311 
20676 
21379 
22075 
27013 
22029 
21673 
27127 
23842 
29266 
21288 
27128 
29184 
25125 
25044 
22324 
21054 
29748 
20564 
21831 
27275 
27933 
22985 
29939 
25600 
20174 
27819 
25692 
20195 
22884 
28941 
25149 
29270 
26260 
23654 
28747 
23761 
25845 
29510 
24923 
22039 
22810 
23880 
23578 
25697 
20092 
28434 
29481 
26884 
22991 
26372 
20113 
24030 
24673 
25227 
29298 
21291 
29308 
26916 
28108 
20674 
23900 
29487 
22858 
29295 
23837 
20042 
25302 
23487 
26877 
28722 
23468 
25643 
20113 
22626 
23276 
22522 
22593 
29457 
21168 
22032 
27678 
21977 
28545 
22315 
29291 
20424 
25290 
27113 
25099 
24986 
21208 
25156 
20619 
23382 
22833 
28604 
20715 
20372 
28785 
21609 
23096 
24075 
24012 
28535 
24254 
29293 
20728 
21132 
25704 
20154 
25067 
27825 
25342 
21236 
25262 
28898 
24514 
24981 
24056 
28096 
28006 
22944 
21060 
22870 
23111 
28216 
24565 
27728 
23913 
22889 
20898 
24609 
24058 
24740 
29025 
22041 
24551 
22457 
29562 
21084 
23796 
20639 
22817 
25485 
23972 
28427 
24666 
26906 
22029 
26791 
27142 
24308 
29688 
23117 
28966 
29496 
25360 
29254 
22927 
29107 
28456 
24267 
21502 
20327 
24554 
27943 
20223 
24364 
20206 
21614 
22862 
28335 
23544 
23088 
22451 
23318 
20200 
22545 
21882 
25300 
25196 
20210 
22921 
29173 
25425 
28113 
27694 
23371 
28395 
29847 
29264 
20918 
20731 
27313 
20342 
26838 
20839 
27188 
23399 
27840 
26951 
21691 
26371 
22744 
21159 
28488 
24247 
29012 
29047 
22092 
28097 
23269 
28806 
27480 
23982 
22123 
25894 
27412 
27109 
21785 
29723 
28061 
21961 
20701 
23831 
20044 
26943 
24955 
25769 
29502 
29310 
24170 
2499 
24855 
1482 
23497 
1701 
20958 
5883 
22252 
9187 
23081 
3320 
29686 
6492 
27998 
110 
26248 
7160 
21341 
7377 
22977 
9871 
23347 
6209 
22018 
1604 
29678 
3260 
25473 
2841 
20557 
6402 
21834 
9203 
20188 
8541 
2043 
879 
1875 
6074 
5893 
3430 
8080 
472 
28853 
6289 
21529 
4839 
24707 
520 
21738 
6993 
27997 
6922 
24898 
2471 
23150 
5837 
28737 
2340 
29762 
3226 
28974 
183 
21118 
5033 
29332 
874 
29963 
3968 
20540 
6704 
22095 
7787 
26542 
3664 
20923 
9248 
20436 
9068 
20829 
319 
23823 
1318 
20752 
645 
28975 
4242 
27493 
28649 
21361 
28436 
23085 
21590 
26156 
22698 
9788 
23797 
8323 
20038 
1426 
20687 
9327 
26373 
5095 
29709 
4210 
3734 
7515 
1702 
1389 
6669 
8678 
1230 
1620 
3155 
2929 
125 
4026 
3283 
198 
4036 
8557 
1710 
7542 
9724 
7680 
3528 
4717 
5562 
2086 
188 
6755 
5117 
4253 
9471 
513 
25350 
25448 
26415 
24156 
20331 
23780 
22296 
22148 
22663 
27103 
20753 
29358 
29304 
22178 
23319 
21216 
24588 
21833 
29900 
20051 
20351 
29760 
28759 
20555 
26485 
25103 
21067 
28494 
28951 
22975 
23945 
27037 
29908 
23654 
24292 
27146 
23722 
22568 
22189 
24815 
27246 
26429 
24415 
20801 
25697 
29703 
22670 
26842 
28102 
20293 
22554 
20147 
20151 
25252 
25508 
24386 
21869 
22785 
28385 
22139 
27013 
21325 
27432 
23956 
22936 
27163 
28545 
24860 
27285 
26853 
21813 
28385 
27798 
25771 
26207 
28012 
22657 
25017 
27035 
22302 
20546 
21833 
24460 
21243 
21966 
25520 
27819 
23844 
27202 
25764 
27730 
23425 
22484 
22942 
21496 
28455 
23432 
25658 
21999 
21530 
27754 
24282 
28050 
23603 
25783 
26025 
20997 
27806 
20043 
22141 
23252 
24786 
27954 
26119 
28841 
27547 
28831 
27016 
29619 
21251 
20954 
23401 
20414 
28241 
29063 
28370 
25500 
21273 
24054 
26852 
25951 
24947 
25716 
23724 
22952 
23813 
26482 
21038 
21505 
24063 
25777 
26089 
24809 
27576 
28778 
26055 
24242 
21883 
27628 
27311 
21053 
26794 
26759 
27175 
22732 
23252 
28066 
21134 
22408 
25393 
24038 
20289 
20102 
25564 
24062 
21009 
27052 
28890 
23150 
26401 
29385 
27537 
27756 
28017 
26673 
20162 
27265 
25194 
23661 
23217 
23175 
25914 
20959 
26179 
24720 
28195 
25812 
21879 
25448 
27641 
23152 
23042 
29373 
26546 
25575 
22522 
29572 
21340 
21778 
24972 
24749 
20192 
25857 
25386 
29613 
28167 
26481 
23016 
20278 
22323 
24412 
27578 
26293 
22925 
25695 
27770 
22740 
29215 
22418 
20116 
29150 
20371 
28425 
20157 
25456 
21822 
25961 
24930 
26504 
22227 
24814 
20603 
25219 
27265 
21980 
26795 
29622 
29250 
28664 
26252 
20369 
24330 
22899 
28815 
22138 
20749 
27226 
29712 
25721 
28511 
29871 
27437 
20345 
25956 
21353 
22841 
20528 
21701 
27805 
24675 
28827 
22262 
23616 
23178 
21878 
23448 
29440 
20203 
27118 
25585 
24032 
23907 
27812 
27151 
26360 
23521 
29817 
28110 
25851 
21930 
23844 
24472 
24223 
28468 
20542 
23694 
23118 
25852 
28082 
24769 
28999 
21802 
26277 
20298 
27298 
20990 
21688 
21644 
20142 
25675 
20137 
22829 
24010 
22109 
20647 
25720 
26109 
28506 
24985 
20769 
22961 
28283 
22474 
29470 
20530 
26143 
23403 
29075 
28545 
24965 
27340 
21745 
25931 
25841 
24407 
26007 
22998 
27308 
21132 
20555 
23503 
22531 
27066 
24392 
21290 
29222 
27334 
24952 
23047 
21623 
21003 
26445 
23862 
28966 
23741 
29860 
22803 
20997 
25275 
24941 
28258 
27626 
29857 
24474 
20161 
29748 
29558 
24460 
26157 
24662 
26794 
22495 
23473 
28466 
26692 
23717 
29750 
21611 
20140 
27829 
21964 
25965 
25797 
26421 
25353 
20258 
24338 
20669 
21632 
27474 
22159 
26791 
23514 
25696 
22454 
22339 
22088 
25314 
29463 
21183 
20719 
27523 
28579 
22041 
20572 
21233 
24143 
27993 
27103 
27889 
25705 
25345 
26331 
25668 
25386 
20284 
29581 
21920 
24990 
28306 
27054 
27233 
26220 
27534 
27610 
25657 
27209 
23898 
25110 
26580 
26990 
24867 
21311 
26931 
26364 
25663 
26357 
28163 
21561 
26762 
23065 
23262 
29990 
23679 
20029 
25039 
28766 
25737 
26332 
27366 
28018 
28751 
25459 
22260 
28065 
22705 
20903 
21754 
21319 
27753 
24878 
21096 
23309 
29600 
26431 
29071 
22937 
20321 
29227 
24584 
21868 
22776 
29565 
22309 
23937 
24997 
27779 
28383 
23812 
27868 
20723 
24998 
27409 
21233 
24399 
26735 
23835 
26068 
25124 
28345 
25055 
25089 
25511 
25526 
28538 
26645 
26212 
27544 
27646 
28440 
22711 
23768 
29255 
26954 
22664 
22844 
24576 
24519 
25218 
20459 
25474 
28798 
29258 
25270 
20631 
23572 
29725 
26855 
28039 
22077 
24933 
28008 
26773 
22262 
29844 
28288 
27336 
27514 
26707 
20529 
24461 
26435 
24232 
22087 
26289 
24625 
29267 
21844 
20378 
24056 
28636 
20309 
27819 
25132 
20455 
22315 
27504 
23027 
25052 
20444 
25003 
25967 
26893 
22524 
24158 
26029 
20403 
22745 
23866 
23871 
26864 
21663 
27229 
28811 
28008 
29350 
28574 
29527 
29297 
23282 
28366 
25341 
27867 
23025 
23782 
28513 
22858 
25060 
26272 
25292 
22752 
20773 
25004 
25196 
29461 
24069 
24491 
22440 
26208 
25704 
26181 
26026 
21213 
24839 
20144 
29329 
26791 
28972 
24366 
25432 
26162 
21803 
26597 
20763 
21660 
25844 
23216 
23836 
21320 
20237 
24979 
27093 
21757 
22041 
21804 
25005 
23899 
26591 
21063 
24752 
26604 
26560 
20911 
29087 
24305 
20029 
25418 
29496 
21255 
23162 
26252 
29197 
22738 
21811 
22702 
23075 
24472 
27571 
26915 
29748 
23349 
28353 
25380 
29668 
24152 
25399 
20322 
23409 
27173 
28310 
23983 
24978 
28236 
28806 
21831 
28756 
28958 
26675 
25360 
26167 
26499 
27145 
26790 
28730 
26527 
29708 
27938 
25098 
24653 
23151 
24449 
28717 
21014 
29833 
23996 
29452 
29544 
24786 
29325 
20335 
25767 